Iteration 1:
k = 200
max_capacity = 112648
weights = [835, 1670, 3340, 1087, 1087, 517, 1034, 2068, 1034, 630, 1260, 1260, 1071, 165, 330, 495, 176, 663, 1326, 1326, 984, 1968, 2952, 829, 1658, 3316, 829, 663, 1326, 1989, 1086, 1086, 639, 1278, 2556, 1917, 895, 1790, 3580, 888, 1776, 3552, 2664, 232, 464, 928, 464, 472, 944, 691, 1382, 2764, 1052, 1052, 1057, 2114, 2114, 456, 912, 651, 1302, 1953, 711, 1422, 1042, 232, 464, 696, 1099, 1099, 1029, 2058, 4116, 139, 297, 602, 602, 461, 922, 461, 231, 462, 924, 895, 1790, 1790, 888, 1776, 2664, 575, 1150, 2300, 524, 1048, 1572, 1063, 2126, 1063, 912, 1824, 3648, 2736, 1095, 2190, 3285, 1042, 2084, 2084, 770, 1540, 3080, 973, 1946, 1017, 697, 1394, 2788, 697, 586, 1172, 1758, 734, 1468, 2936, 734, 437, 874, 437, 365, 365, 794, 1588, 2382, 987, 1974, 1974, 258, 258, 907, 1814, 3628, 2721, 304, 608, 1216, 912, 575, 1150, 2300, 1725, 300, 600, 979, 1958, 220, 440, 660, 958, 1916, 3832, 303, 606, 606, 789, 789, 832, 1664, 982, 851, 1702, 3404, 686, 1372, 543, 543, 303, 606, 909, 864, 1728, 3456, 864, 522, 1044, 2088, 1044, 703, 1406, 2812, 2109, 1021, 2042, 4084, 2042, 753, 1506, 3012, 2259, 801, 1602]
values = [735, 1470, 2940, 987, 987, 417, 834, 1668, 834, 530, 1060, 1060, 971, 65, 130, 195, 76, 563, 1126, 1126, 884, 1768, 2652, 729, 1458, 2916, 729, 563, 1126, 1689, 986, 986, 539, 1078, 2156, 1617, 795, 1590, 3180, 788, 1576, 3152, 2364, 132, 264, 528, 264, 372, 744, 591, 1182, 2364, 952, 952, 957, 1914, 1914, 356, 712, 551, 1102, 1653, 611, 1222, 942, 132, 264, 396, 999, 999, 929, 1858, 3716, 39, 197, 502, 502, 361, 722, 361, 131, 262, 524, 795, 1590, 1590, 788, 1576, 2364, 475, 950, 1900, 424, 848, 1272, 963, 1926, 963, 812, 1624, 3248, 2436, 995, 1990, 2985, 942, 1884, 1884, 670, 1340, 2680, 873, 1746, 917, 597, 1194, 2388, 597, 486, 972, 1458, 634, 1268, 2536, 634, 337, 674, 337, 265, 265, 694, 1388, 2082, 887, 1774, 1774, 158, 158, 807, 1614, 3228, 2421, 204, 408, 816, 612, 475, 950, 1900, 1425, 200, 400, 879, 1758, 120, 240, 360, 858, 1716, 3432, 203, 406, 406, 689, 689, 732, 1464, 882, 751, 1502, 3004, 586, 1172, 443, 443, 203, 406, 609, 764, 1528, 3056, 764, 422, 844, 1688, 844, 603, 1206, 2412, 1809, 921, 1842, 3684, 1842, 653, 1306, 2612, 1959, 701, 1402]

USING RANDOM SEARCH ALGORITHM:
There were no valid solutions found out of the 10 generated.

This iteration of random search took 0.0007175999926403165 to finish 


USING RHC ALGORITHM:
The random hill climbing algorithm found the solution: [0, 1, 0, 0, 1, 0, 1, 1, 0, 0, 1, 1, 0, 1, 1, 1, 0, 1, 1, 0, 0, 0, 0, 1, 1, 0, 1, 0, 0, 1, 0, 0, 1, 1, 0, 0, 1, 0, 1, 0, 1, 1, 1, 1, 1, 0, 0, 0, 0, 0, 0, 0, 0, 0, 0, 0, 1, 0, 1, 0, 1, 0, 0, 1, 0, 0, 1, 0, 0, 1, 1, 1, 0, 0, 0, 1, 1, 0, 0, 0, 1, 0, 0, 0, 0, 1, 1, 0, 1, 1, 0, 1, 0, 1, 0, 1, 0, 1, 1, 0, 0, 0, 1, 1, 0, 1, 0, 0, 0, 0, 0, 0, 1, 1, 1, 1, 0, 1, 0, 1, 0, 1, 0, 1, 0, 1, 0, 0, 1, 0, 1, 0, 0, 1, 0, 0, 1, 1, 0, 0, 0, 0, 1, 0, 0, 1, 0, 0, 1, 1, 1, 0, 1, 1, 1, 0, 1, 1, 1, 1, 0, 1, 0, 1, 1, 1, 1, 1, 0, 1, 0, 1, 0, 0, 0, 0, 0, 0, 0, 0, 0, 1, 0, 0, 0, 1, 0, 1, 0, 1, 0, 0, 0, 1, 1, 0, 0, 0, 1, 1]
    with the quality: 92935
    and runtime: 0.0003986999945482239.
---------------------------------------------------------------------

Iteration 2:
k = 200
max_capacity = 112648
weights = [835, 1670, 3340, 1087, 1087, 517, 1034, 2068, 1034, 630, 1260, 1260, 1071, 165, 330, 495, 176, 663, 1326, 1326, 984, 1968, 2952, 829, 1658, 3316, 829, 663, 1326, 1989, 1086, 1086, 639, 1278, 2556, 1917, 895, 1790, 3580, 888, 1776, 3552, 2664, 232, 464, 928, 464, 472, 944, 691, 1382, 2764, 1052, 1052, 1057, 2114, 2114, 456, 912, 651, 1302, 1953, 711, 1422, 1042, 232, 464, 696, 1099, 1099, 1029, 2058, 4116, 139, 297, 602, 602, 461, 922, 461, 231, 462, 924, 895, 1790, 1790, 888, 1776, 2664, 575, 1150, 2300, 524, 1048, 1572, 1063, 2126, 1063, 912, 1824, 3648, 2736, 1095, 2190, 3285, 1042, 2084, 2084, 770, 1540, 3080, 973, 1946, 1017, 697, 1394, 2788, 697, 586, 1172, 1758, 734, 1468, 2936, 734, 437, 874, 437, 365, 365, 794, 1588, 2382, 987, 1974, 1974, 258, 258, 907, 1814, 3628, 2721, 304, 608, 1216, 912, 575, 1150, 2300, 1725, 300, 600, 979, 1958, 220, 440, 660, 958, 1916, 3832, 303, 606, 606, 789, 789, 832, 1664, 982, 851, 1702, 3404, 686, 1372, 543, 543, 303, 606, 909, 864, 1728, 3456, 864, 522, 1044, 2088, 1044, 703, 1406, 2812, 2109, 1021, 2042, 4084, 2042, 753, 1506, 3012, 2259, 801, 1602]
values = [735, 1470, 2940, 987, 987, 417, 834, 1668, 834, 530, 1060, 1060, 971, 65, 130, 195, 76, 563, 1126, 1126, 884, 1768, 2652, 729, 1458, 2916, 729, 563, 1126, 1689, 986, 986, 539, 1078, 2156, 1617, 795, 1590, 3180, 788, 1576, 3152, 2364, 132, 264, 528, 264, 372, 744, 591, 1182, 2364, 952, 952, 957, 1914, 1914, 356, 712, 551, 1102, 1653, 611, 1222, 942, 132, 264, 396, 999, 999, 929, 1858, 3716, 39, 197, 502, 502, 361, 722, 361, 131, 262, 524, 795, 1590, 1590, 788, 1576, 2364, 475, 950, 1900, 424, 848, 1272, 963, 1926, 963, 812, 1624, 3248, 2436, 995, 1990, 2985, 942, 1884, 1884, 670, 1340, 2680, 873, 1746, 917, 597, 1194, 2388, 597, 486, 972, 1458, 634, 1268, 2536, 634, 337, 674, 337, 265, 265, 694, 1388, 2082, 887, 1774, 1774, 158, 158, 807, 1614, 3228, 2421, 204, 408, 816, 612, 475, 950, 1900, 1425, 200, 400, 879, 1758, 120, 240, 360, 858, 1716, 3432, 203, 406, 406, 689, 689, 732, 1464, 882, 751, 1502, 3004, 586, 1172, 443, 443, 203, 406, 609, 764, 1528, 3056, 764, 422, 844, 1688, 844, 603, 1206, 2412, 1809, 921, 1842, 3684, 1842, 653, 1306, 2612, 1959, 701, 1402]

USING RANDOM SEARCH ALGORITHM:
There were no valid solutions found out of the 10 generated.

This iteration of random search took 0.0006893000099807978 to finish 


USING RHC ALGORITHM:
The random hill climbing algorithm found the solution: [0, 1, 0, 1, 0, 1, 0, 1, 1, 0, 0, 1, 1, 0, 0, 1, 1, 0, 0, 1, 0, 1, 0, 0, 0, 1, 0, 1, 0, 0, 0, 1, 1, 1, 0, 0, 0, 0, 0, 1, 0, 0, 0, 1, 1, 1, 1, 1, 1, 1, 0, 1, 0, 1, 1, 1, 0, 0, 0, 1, 1, 0, 1, 1, 0, 0, 0, 1, 1, 0, 1, 0, 1, 1, 0, 1, 0, 1, 0, 0, 0, 0, 1, 0, 0, 1, 0, 1, 1, 0, 0, 1, 0, 0, 0, 0, 0, 0, 0, 0, 0, 1, 0, 0, 1, 1, 0, 1, 0, 0, 0, 1, 0, 1, 0, 1, 0, 1, 0, 1, 0, 0, 0, 0, 1, 1, 0, 0, 0, 0, 0, 1, 1, 1, 0, 0, 1, 1, 0, 1, 0, 0, 1, 1, 0, 0, 0, 0, 1, 0, 0, 1, 1, 0, 0, 0, 1, 1, 0, 0, 0, 1, 0, 1, 0, 0, 1, 0, 0, 0, 0, 0, 1, 1, 0, 1, 1, 0, 1, 1, 0, 0, 1, 0, 1, 0, 0, 1, 0, 0, 1, 1, 0, 1, 1, 0, 1, 1, 1, 1]
    with the quality: 92296
    and runtime: 0.001288100000238046.
---------------------------------------------------------------------

Iteration 3:
k = 200
max_capacity = 112648
weights = [835, 1670, 3340, 1087, 1087, 517, 1034, 2068, 1034, 630, 1260, 1260, 1071, 165, 330, 495, 176, 663, 1326, 1326, 984, 1968, 2952, 829, 1658, 3316, 829, 663, 1326, 1989, 1086, 1086, 639, 1278, 2556, 1917, 895, 1790, 3580, 888, 1776, 3552, 2664, 232, 464, 928, 464, 472, 944, 691, 1382, 2764, 1052, 1052, 1057, 2114, 2114, 456, 912, 651, 1302, 1953, 711, 1422, 1042, 232, 464, 696, 1099, 1099, 1029, 2058, 4116, 139, 297, 602, 602, 461, 922, 461, 231, 462, 924, 895, 1790, 1790, 888, 1776, 2664, 575, 1150, 2300, 524, 1048, 1572, 1063, 2126, 1063, 912, 1824, 3648, 2736, 1095, 2190, 3285, 1042, 2084, 2084, 770, 1540, 3080, 973, 1946, 1017, 697, 1394, 2788, 697, 586, 1172, 1758, 734, 1468, 2936, 734, 437, 874, 437, 365, 365, 794, 1588, 2382, 987, 1974, 1974, 258, 258, 907, 1814, 3628, 2721, 304, 608, 1216, 912, 575, 1150, 2300, 1725, 300, 600, 979, 1958, 220, 440, 660, 958, 1916, 3832, 303, 606, 606, 789, 789, 832, 1664, 982, 851, 1702, 3404, 686, 1372, 543, 543, 303, 606, 909, 864, 1728, 3456, 864, 522, 1044, 2088, 1044, 703, 1406, 2812, 2109, 1021, 2042, 4084, 2042, 753, 1506, 3012, 2259, 801, 1602]
values = [735, 1470, 2940, 987, 987, 417, 834, 1668, 834, 530, 1060, 1060, 971, 65, 130, 195, 76, 563, 1126, 1126, 884, 1768, 2652, 729, 1458, 2916, 729, 563, 1126, 1689, 986, 986, 539, 1078, 2156, 1617, 795, 1590, 3180, 788, 1576, 3152, 2364, 132, 264, 528, 264, 372, 744, 591, 1182, 2364, 952, 952, 957, 1914, 1914, 356, 712, 551, 1102, 1653, 611, 1222, 942, 132, 264, 396, 999, 999, 929, 1858, 3716, 39, 197, 502, 502, 361, 722, 361, 131, 262, 524, 795, 1590, 1590, 788, 1576, 2364, 475, 950, 1900, 424, 848, 1272, 963, 1926, 963, 812, 1624, 3248, 2436, 995, 1990, 2985, 942, 1884, 1884, 670, 1340, 2680, 873, 1746, 917, 597, 1194, 2388, 597, 486, 972, 1458, 634, 1268, 2536, 634, 337, 674, 337, 265, 265, 694, 1388, 2082, 887, 1774, 1774, 158, 158, 807, 1614, 3228, 2421, 204, 408, 816, 612, 475, 950, 1900, 1425, 200, 400, 879, 1758, 120, 240, 360, 858, 1716, 3432, 203, 406, 406, 689, 689, 732, 1464, 882, 751, 1502, 3004, 586, 1172, 443, 443, 203, 406, 609, 764, 1528, 3056, 764, 422, 844, 1688, 844, 603, 1206, 2412, 1809, 921, 1842, 3684, 1842, 653, 1306, 2612, 1959, 701, 1402]

USING RANDOM SEARCH ALGORITHM:
There were no valid solutions found out of the 10 generated.

This iteration of random search took 0.0006880000000819564 to finish 


USING RHC ALGORITHM:
The random hill climbing algorithm found the solution: [1, 0, 0, 0, 1, 1, 1, 1, 1, 0, 0, 1, 0, 0, 1, 0, 1, 0, 0, 1, 0, 1, 0, 1, 1, 1, 1, 0, 1, 0, 1, 0, 1, 1, 0, 1, 1, 0, 0, 0, 0, 0, 0, 1, 0, 1, 1, 0, 1, 1, 1, 1, 1, 1, 0, 0, 0, 1, 1, 1, 1, 1, 0, 0, 1, 1, 1, 0, 0, 0, 1, 0, 0, 0, 1, 0, 1, 0, 0, 0, 0, 0, 0, 0, 1, 0, 1, 0, 1, 0, 0, 0, 1, 0, 0, 1, 1, 1, 0, 1, 0, 1, 1, 0, 0, 0, 0, 0, 0, 1, 0, 0, 1, 1, 0, 1, 1, 0, 0, 0, 1, 0, 1, 0, 0, 1, 0, 1, 0, 1, 1, 1, 0, 0, 0, 1, 1, 0, 0, 1, 0, 1, 0, 1, 0, 0, 1, 0, 0, 1, 1, 0, 1, 1, 0, 1, 1, 1, 0, 0, 0, 1, 1, 1, 1, 0, 1, 0, 1, 0, 0, 1, 1, 1, 1, 0, 0, 0, 0, 0, 0, 0, 1, 0, 0, 1, 0, 0, 0, 0, 1, 0, 0, 1, 1, 0, 0, 0, 0, 1]
    with the quality: 89765
    and runtime: 0.003228999994462356.
---------------------------------------------------------------------

Iteration 4:
k = 200
max_capacity = 112648
weights = [835, 1670, 3340, 1087, 1087, 517, 1034, 2068, 1034, 630, 1260, 1260, 1071, 165, 330, 495, 176, 663, 1326, 1326, 984, 1968, 2952, 829, 1658, 3316, 829, 663, 1326, 1989, 1086, 1086, 639, 1278, 2556, 1917, 895, 1790, 3580, 888, 1776, 3552, 2664, 232, 464, 928, 464, 472, 944, 691, 1382, 2764, 1052, 1052, 1057, 2114, 2114, 456, 912, 651, 1302, 1953, 711, 1422, 1042, 232, 464, 696, 1099, 1099, 1029, 2058, 4116, 139, 297, 602, 602, 461, 922, 461, 231, 462, 924, 895, 1790, 1790, 888, 1776, 2664, 575, 1150, 2300, 524, 1048, 1572, 1063, 2126, 1063, 912, 1824, 3648, 2736, 1095, 2190, 3285, 1042, 2084, 2084, 770, 1540, 3080, 973, 1946, 1017, 697, 1394, 2788, 697, 586, 1172, 1758, 734, 1468, 2936, 734, 437, 874, 437, 365, 365, 794, 1588, 2382, 987, 1974, 1974, 258, 258, 907, 1814, 3628, 2721, 304, 608, 1216, 912, 575, 1150, 2300, 1725, 300, 600, 979, 1958, 220, 440, 660, 958, 1916, 3832, 303, 606, 606, 789, 789, 832, 1664, 982, 851, 1702, 3404, 686, 1372, 543, 543, 303, 606, 909, 864, 1728, 3456, 864, 522, 1044, 2088, 1044, 703, 1406, 2812, 2109, 1021, 2042, 4084, 2042, 753, 1506, 3012, 2259, 801, 1602]
values = [735, 1470, 2940, 987, 987, 417, 834, 1668, 834, 530, 1060, 1060, 971, 65, 130, 195, 76, 563, 1126, 1126, 884, 1768, 2652, 729, 1458, 2916, 729, 563, 1126, 1689, 986, 986, 539, 1078, 2156, 1617, 795, 1590, 3180, 788, 1576, 3152, 2364, 132, 264, 528, 264, 372, 744, 591, 1182, 2364, 952, 952, 957, 1914, 1914, 356, 712, 551, 1102, 1653, 611, 1222, 942, 132, 264, 396, 999, 999, 929, 1858, 3716, 39, 197, 502, 502, 361, 722, 361, 131, 262, 524, 795, 1590, 1590, 788, 1576, 2364, 475, 950, 1900, 424, 848, 1272, 963, 1926, 963, 812, 1624, 3248, 2436, 995, 1990, 2985, 942, 1884, 1884, 670, 1340, 2680, 873, 1746, 917, 597, 1194, 2388, 597, 486, 972, 1458, 634, 1268, 2536, 634, 337, 674, 337, 265, 265, 694, 1388, 2082, 887, 1774, 1774, 158, 158, 807, 1614, 3228, 2421, 204, 408, 816, 612, 475, 950, 1900, 1425, 200, 400, 879, 1758, 120, 240, 360, 858, 1716, 3432, 203, 406, 406, 689, 689, 732, 1464, 882, 751, 1502, 3004, 586, 1172, 443, 443, 203, 406, 609, 764, 1528, 3056, 764, 422, 844, 1688, 844, 603, 1206, 2412, 1809, 921, 1842, 3684, 1842, 653, 1306, 2612, 1959, 701, 1402]

USING RANDOM SEARCH ALGORITHM:
There were no valid solutions found out of the 10 generated.

This iteration of random search took 0.0006935999990673736 to finish 


USING RHC ALGORITHM:
The random hill climbing algorithm found the solution: [0, 0, 1, 1, 1, 0, 0, 0, 0, 1, 0, 1, 1, 0, 0, 0, 1, 0, 0, 1, 0, 0, 0, 1, 0, 1, 0, 1, 0, 0, 1, 0, 1, 0, 1, 0, 0, 1, 0, 0, 1, 0, 0, 0, 0, 0, 1, 1, 1, 0, 0, 1, 1, 1, 0, 1, 0, 1, 1, 1, 1, 0, 1, 0, 0, 0, 0, 0, 1, 1, 0, 1, 0, 0, 0, 0, 1, 0, 0, 0, 0, 0, 0, 1, 0, 0, 0, 1, 0, 1, 1, 0, 0, 0, 0, 1, 1, 0, 0, 1, 1, 0, 0, 0, 1, 0, 0, 1, 0, 0, 0, 1, 0, 0, 0, 0, 0, 1, 1, 1, 0, 0, 0, 1, 1, 0, 1, 0, 0, 1, 0, 1, 1, 0, 0, 1, 0, 1, 0, 1, 1, 1, 0, 0, 1, 0, 0, 1, 0, 0, 0, 1, 1, 0, 1, 1, 0, 1, 0, 1, 1, 1, 1, 0, 1, 0, 0, 1, 1, 0, 0, 1, 0, 1, 1, 0, 0, 1, 1, 0, 0, 0, 1, 0, 1, 0, 0, 0, 1, 0, 1, 0, 0, 1, 1, 0, 0, 0, 0, 1]
    with the quality: 94329
    and runtime: 0.0018454000091878697.
---------------------------------------------------------------------

Iteration 5:
k = 200
max_capacity = 112648
weights = [835, 1670, 3340, 1087, 1087, 517, 1034, 2068, 1034, 630, 1260, 1260, 1071, 165, 330, 495, 176, 663, 1326, 1326, 984, 1968, 2952, 829, 1658, 3316, 829, 663, 1326, 1989, 1086, 1086, 639, 1278, 2556, 1917, 895, 1790, 3580, 888, 1776, 3552, 2664, 232, 464, 928, 464, 472, 944, 691, 1382, 2764, 1052, 1052, 1057, 2114, 2114, 456, 912, 651, 1302, 1953, 711, 1422, 1042, 232, 464, 696, 1099, 1099, 1029, 2058, 4116, 139, 297, 602, 602, 461, 922, 461, 231, 462, 924, 895, 1790, 1790, 888, 1776, 2664, 575, 1150, 2300, 524, 1048, 1572, 1063, 2126, 1063, 912, 1824, 3648, 2736, 1095, 2190, 3285, 1042, 2084, 2084, 770, 1540, 3080, 973, 1946, 1017, 697, 1394, 2788, 697, 586, 1172, 1758, 734, 1468, 2936, 734, 437, 874, 437, 365, 365, 794, 1588, 2382, 987, 1974, 1974, 258, 258, 907, 1814, 3628, 2721, 304, 608, 1216, 912, 575, 1150, 2300, 1725, 300, 600, 979, 1958, 220, 440, 660, 958, 1916, 3832, 303, 606, 606, 789, 789, 832, 1664, 982, 851, 1702, 3404, 686, 1372, 543, 543, 303, 606, 909, 864, 1728, 3456, 864, 522, 1044, 2088, 1044, 703, 1406, 2812, 2109, 1021, 2042, 4084, 2042, 753, 1506, 3012, 2259, 801, 1602]
values = [735, 1470, 2940, 987, 987, 417, 834, 1668, 834, 530, 1060, 1060, 971, 65, 130, 195, 76, 563, 1126, 1126, 884, 1768, 2652, 729, 1458, 2916, 729, 563, 1126, 1689, 986, 986, 539, 1078, 2156, 1617, 795, 1590, 3180, 788, 1576, 3152, 2364, 132, 264, 528, 264, 372, 744, 591, 1182, 2364, 952, 952, 957, 1914, 1914, 356, 712, 551, 1102, 1653, 611, 1222, 942, 132, 264, 396, 999, 999, 929, 1858, 3716, 39, 197, 502, 502, 361, 722, 361, 131, 262, 524, 795, 1590, 1590, 788, 1576, 2364, 475, 950, 1900, 424, 848, 1272, 963, 1926, 963, 812, 1624, 3248, 2436, 995, 1990, 2985, 942, 1884, 1884, 670, 1340, 2680, 873, 1746, 917, 597, 1194, 2388, 597, 486, 972, 1458, 634, 1268, 2536, 634, 337, 674, 337, 265, 265, 694, 1388, 2082, 887, 1774, 1774, 158, 158, 807, 1614, 3228, 2421, 204, 408, 816, 612, 475, 950, 1900, 1425, 200, 400, 879, 1758, 120, 240, 360, 858, 1716, 3432, 203, 406, 406, 689, 689, 732, 1464, 882, 751, 1502, 3004, 586, 1172, 443, 443, 203, 406, 609, 764, 1528, 3056, 764, 422, 844, 1688, 844, 603, 1206, 2412, 1809, 921, 1842, 3684, 1842, 653, 1306, 2612, 1959, 701, 1402]

USING RANDOM SEARCH ALGORITHM:
The generated VALID solutions are:
[1, 0, 0, 0, 1, 0, 1, 1, 0, 1, 1, 0, 0, 1, 0, 1, 0, 1, 0, 0, 1, 0, 0, 1, 1, 1, 0, 0, 0, 1, 0, 1, 0, 0, 0, 0, 0, 0, 0, 1, 0, 1, 0, 1, 1, 1, 1, 0, 0, 0, 1, 0, 1, 1, 1, 1, 0, 1, 1, 1, 1, 1, 1, 1, 1, 1, 0, 0, 0, 1, 1, 1, 0, 1, 1, 0, 1, 0, 1, 0, 1, 0, 0, 1, 0, 0, 1, 1, 1, 1, 1, 0, 1, 0, 1, 0, 1, 0, 0, 1, 0, 0, 1, 1, 1, 0, 0, 0, 0, 1, 1, 0, 1, 1, 0, 1, 0, 0, 1, 1, 1, 0, 0, 0, 1, 0, 1, 1, 1, 0, 1, 1, 0, 0, 1, 0, 0, 1, 1, 0, 0, 1, 0, 0, 0, 1, 0, 0, 0, 0, 0, 0, 0, 1, 0, 0, 1, 0, 1, 1, 1, 0, 1, 0, 1, 0, 0, 1, 0, 0, 0, 0, 0, 0, 0, 1, 0, 1, 1, 1, 0, 0, 1, 1, 0, 1, 0, 0, 0, 0, 1, 0, 0, 1, 0, 0, 0, 0, 0, 0]
[1, 1, 1, 0, 0, 0, 0, 0, 0, 1, 0, 0, 1, 0, 1, 0, 0, 1, 1, 0, 0, 0, 0, 1, 1, 1, 0, 1, 0, 0, 0, 0, 1, 0, 0, 1, 0, 1, 1, 1, 1, 0, 1, 1, 0, 1, 1, 0, 1, 0, 1, 0, 0, 0, 0, 1, 1, 0, 1, 0, 1, 0, 1, 0, 0, 0, 0, 0, 0, 1, 1, 0, 0, 0, 0, 1, 0, 0, 1, 1, 0, 1, 0, 1, 0, 1, 1, 0, 0, 0, 1, 0, 0, 0, 0, 1, 0, 0, 0, 1, 1, 1, 1, 1, 0, 0, 1, 1, 1, 0, 0, 0, 1, 1, 1, 1, 0, 0, 1, 1, 1, 0, 1, 0, 1, 1, 1, 0, 0, 0, 0, 0, 1, 0, 0, 1, 0, 0, 0, 0, 0, 0, 1, 0, 0, 0, 1, 0, 1, 1, 1, 1, 0, 0, 0, 0, 0, 1, 0, 0, 1, 1, 1, 0, 1, 0, 1, 0, 1, 1, 0, 0, 1, 0, 0, 1, 1, 1, 0, 0, 0, 1, 0, 0, 0, 0, 1, 0, 1, 0, 0, 1, 0, 1, 0, 1, 0, 0, 1, 0]
There is a total of 2 valid solutions out of 10 generated.

The best solution found for the 10 solutions generated is: [1, 1, 1, 0, 0, 0, 0, 0, 0, 1, 0, 0, 1, 0, 1, 0, 0, 1, 1, 0, 0, 0, 0, 1, 1, 1, 0, 1, 0, 0, 0, 0, 1, 0, 0, 1, 0, 1, 1, 1, 1, 0, 1, 1, 0, 1, 1, 0, 1, 0, 1, 0, 0, 0, 0, 1, 1, 0, 1, 0, 1, 0, 1, 0, 0, 0, 0, 0, 0, 1, 1, 0, 0, 0, 0, 1, 0, 0, 1, 1, 0, 1, 0, 1, 0, 1, 1, 0, 0, 0, 1, 0, 0, 0, 0, 1, 0, 0, 0, 1, 1, 1, 1, 1, 0, 0, 1, 1, 1, 0, 0, 0, 1, 1, 1, 1, 0, 0, 1, 1, 1, 0, 1, 0, 1, 1, 1, 0, 0, 0, 0, 0, 1, 0, 0, 1, 0, 0, 0, 0, 0, 0, 1, 0, 0, 0, 1, 0, 1, 1, 1, 1, 0, 0, 0, 0, 0, 1, 0, 0, 1, 1, 1, 0, 1, 0, 1, 0, 1, 1, 0, 0, 1, 0, 0, 1, 1, 1, 0, 0, 0, 1, 0, 0, 0, 0, 1, 0, 1, 0, 0, 1, 0, 1, 0, 1, 0, 0, 1, 0] with the quality:95362
The worst solution found for the 10 solutions generated is: [1, 0, 0, 0, 1, 0, 1, 1, 0, 1, 1, 0, 0, 1, 0, 1, 0, 1, 0, 0, 1, 0, 0, 1, 1, 1, 0, 0, 0, 1, 0, 1, 0, 0, 0, 0, 0, 0, 0, 1, 0, 1, 0, 1, 1, 1, 1, 0, 0, 0, 1, 0, 1, 1, 1, 1, 0, 1, 1, 1, 1, 1, 1, 1, 1, 1, 0, 0, 0, 1, 1, 1, 0, 1, 1, 0, 1, 0, 1, 0, 1, 0, 0, 1, 0, 0, 1, 1, 1, 1, 1, 0, 1, 0, 1, 0, 1, 0, 0, 1, 0, 0, 1, 1, 1, 0, 0, 0, 0, 1, 1, 0, 1, 1, 0, 1, 0, 0, 1, 1, 1, 0, 0, 0, 1, 0, 1, 1, 1, 0, 1, 1, 0, 0, 1, 0, 0, 1, 1, 0, 0, 1, 0, 0, 0, 1, 0, 0, 0, 0, 0, 0, 0, 1, 0, 0, 1, 0, 1, 1, 1, 0, 1, 0, 1, 0, 0, 1, 0, 0, 0, 0, 0, 0, 0, 1, 0, 1, 1, 1, 0, 0, 1, 1, 0, 1, 0, 0, 0, 0, 1, 0, 0, 1, 0, 0, 0, 0, 0, 0] with the quality:95186
The average quality for the 10 solutions generated is: 95274.0

This iteration of random search took 0.0008119999984046444 to finish 


USING RHC ALGORITHM:
The random hill climbing algorithm found the solution: [0, 1, 1, 0, 0, 1, 0, 0, 0, 0, 1, 1, 0, 1, 1, 1, 0, 1, 0, 1, 0, 0, 0, 0, 0, 0, 1, 0, 0, 1, 0, 0, 1, 1, 0, 0, 1, 1, 1, 1, 1, 1, 0, 0, 0, 1, 1, 0, 0, 0, 1, 0, 1, 0, 1, 0, 0, 0, 1, 0, 1, 1, 0, 1, 0, 0, 1, 0, 1, 1, 0, 0, 0, 1, 0, 1, 0, 0, 0, 0, 0, 0, 0, 1, 1, 0, 1, 1, 1, 0, 0, 1, 1, 0, 0, 1, 0, 1, 1, 0, 0, 1, 0, 0, 0, 0, 0, 0, 1, 0, 0, 0, 0, 0, 0, 1, 1, 0, 0, 0, 1, 0, 0, 1, 1, 1, 0, 1, 1, 1, 0, 1, 0, 1, 0, 1, 0, 0, 1, 1, 0, 1, 1, 0, 0, 1, 1, 0, 0, 0, 0, 0, 1, 1, 1, 0, 0, 0, 0, 0, 1, 0, 1, 0, 1, 0, 0, 1, 1, 0, 0, 1, 1, 0, 0, 0, 1, 0, 0, 1, 0, 0, 1, 0, 1, 0, 0, 1, 1, 0, 0, 1, 0, 0, 0, 0, 0, 1, 0, 1]
    with the quality: 90705
    and runtime: 0.0007391999970423058.
---------------------------------------------------------------------

Iteration 6:
k = 200
max_capacity = 112648
weights = [835, 1670, 3340, 1087, 1087, 517, 1034, 2068, 1034, 630, 1260, 1260, 1071, 165, 330, 495, 176, 663, 1326, 1326, 984, 1968, 2952, 829, 1658, 3316, 829, 663, 1326, 1989, 1086, 1086, 639, 1278, 2556, 1917, 895, 1790, 3580, 888, 1776, 3552, 2664, 232, 464, 928, 464, 472, 944, 691, 1382, 2764, 1052, 1052, 1057, 2114, 2114, 456, 912, 651, 1302, 1953, 711, 1422, 1042, 232, 464, 696, 1099, 1099, 1029, 2058, 4116, 139, 297, 602, 602, 461, 922, 461, 231, 462, 924, 895, 1790, 1790, 888, 1776, 2664, 575, 1150, 2300, 524, 1048, 1572, 1063, 2126, 1063, 912, 1824, 3648, 2736, 1095, 2190, 3285, 1042, 2084, 2084, 770, 1540, 3080, 973, 1946, 1017, 697, 1394, 2788, 697, 586, 1172, 1758, 734, 1468, 2936, 734, 437, 874, 437, 365, 365, 794, 1588, 2382, 987, 1974, 1974, 258, 258, 907, 1814, 3628, 2721, 304, 608, 1216, 912, 575, 1150, 2300, 1725, 300, 600, 979, 1958, 220, 440, 660, 958, 1916, 3832, 303, 606, 606, 789, 789, 832, 1664, 982, 851, 1702, 3404, 686, 1372, 543, 543, 303, 606, 909, 864, 1728, 3456, 864, 522, 1044, 2088, 1044, 703, 1406, 2812, 2109, 1021, 2042, 4084, 2042, 753, 1506, 3012, 2259, 801, 1602]
values = [735, 1470, 2940, 987, 987, 417, 834, 1668, 834, 530, 1060, 1060, 971, 65, 130, 195, 76, 563, 1126, 1126, 884, 1768, 2652, 729, 1458, 2916, 729, 563, 1126, 1689, 986, 986, 539, 1078, 2156, 1617, 795, 1590, 3180, 788, 1576, 3152, 2364, 132, 264, 528, 264, 372, 744, 591, 1182, 2364, 952, 952, 957, 1914, 1914, 356, 712, 551, 1102, 1653, 611, 1222, 942, 132, 264, 396, 999, 999, 929, 1858, 3716, 39, 197, 502, 502, 361, 722, 361, 131, 262, 524, 795, 1590, 1590, 788, 1576, 2364, 475, 950, 1900, 424, 848, 1272, 963, 1926, 963, 812, 1624, 3248, 2436, 995, 1990, 2985, 942, 1884, 1884, 670, 1340, 2680, 873, 1746, 917, 597, 1194, 2388, 597, 486, 972, 1458, 634, 1268, 2536, 634, 337, 674, 337, 265, 265, 694, 1388, 2082, 887, 1774, 1774, 158, 158, 807, 1614, 3228, 2421, 204, 408, 816, 612, 475, 950, 1900, 1425, 200, 400, 879, 1758, 120, 240, 360, 858, 1716, 3432, 203, 406, 406, 689, 689, 732, 1464, 882, 751, 1502, 3004, 586, 1172, 443, 443, 203, 406, 609, 764, 1528, 3056, 764, 422, 844, 1688, 844, 603, 1206, 2412, 1809, 921, 1842, 3684, 1842, 653, 1306, 2612, 1959, 701, 1402]

USING RANDOM SEARCH ALGORITHM:
There were no valid solutions found out of the 10 generated.

This iteration of random search took 0.0007689999911235645 to finish 


USING RHC ALGORITHM:
The random hill climbing algorithm found the solution: [1, 1, 0, 0, 0, 0, 1, 0, 1, 0, 1, 0, 1, 1, 0, 0, 1, 0, 1, 0, 0, 0, 0, 0, 0, 1, 1, 1, 0, 1, 1, 0, 1, 1, 0, 1, 0, 0, 0, 0, 0, 0, 0, 0, 0, 1, 0, 1, 0, 1, 0, 1, 0, 1, 0, 1, 0, 1, 1, 1, 0, 0, 1, 0, 1, 0, 1, 1, 1, 1, 0, 1, 0, 1, 1, 0, 1, 1, 1, 0, 1, 0, 1, 0, 1, 1, 0, 0, 0, 1, 1, 0, 1, 0, 0, 0, 1, 1, 0, 1, 1, 1, 1, 1, 1, 1, 0, 0, 0, 0, 0, 1, 0, 1, 0, 0, 0, 0, 0, 0, 0, 0, 1, 0, 0, 1, 0, 1, 0, 0, 0, 1, 1, 1, 1, 1, 1, 1, 0, 0, 0, 1, 0, 1, 1, 0, 1, 0, 0, 0, 1, 0, 0, 1, 0, 1, 1, 1, 1, 0, 1, 0, 0, 1, 1, 0, 1, 0, 0, 1, 1, 1, 0, 0, 0, 0, 1, 0, 0, 0, 0, 0, 0, 0, 0, 0, 0, 0, 1, 0, 0, 0, 1, 0, 0, 1, 0, 0, 1, 1]
    with the quality: 95564
    and runtime: 0.0023852000012993813.
---------------------------------------------------------------------

Iteration 7:
k = 200
max_capacity = 112648
weights = [835, 1670, 3340, 1087, 1087, 517, 1034, 2068, 1034, 630, 1260, 1260, 1071, 165, 330, 495, 176, 663, 1326, 1326, 984, 1968, 2952, 829, 1658, 3316, 829, 663, 1326, 1989, 1086, 1086, 639, 1278, 2556, 1917, 895, 1790, 3580, 888, 1776, 3552, 2664, 232, 464, 928, 464, 472, 944, 691, 1382, 2764, 1052, 1052, 1057, 2114, 2114, 456, 912, 651, 1302, 1953, 711, 1422, 1042, 232, 464, 696, 1099, 1099, 1029, 2058, 4116, 139, 297, 602, 602, 461, 922, 461, 231, 462, 924, 895, 1790, 1790, 888, 1776, 2664, 575, 1150, 2300, 524, 1048, 1572, 1063, 2126, 1063, 912, 1824, 3648, 2736, 1095, 2190, 3285, 1042, 2084, 2084, 770, 1540, 3080, 973, 1946, 1017, 697, 1394, 2788, 697, 586, 1172, 1758, 734, 1468, 2936, 734, 437, 874, 437, 365, 365, 794, 1588, 2382, 987, 1974, 1974, 258, 258, 907, 1814, 3628, 2721, 304, 608, 1216, 912, 575, 1150, 2300, 1725, 300, 600, 979, 1958, 220, 440, 660, 958, 1916, 3832, 303, 606, 606, 789, 789, 832, 1664, 982, 851, 1702, 3404, 686, 1372, 543, 543, 303, 606, 909, 864, 1728, 3456, 864, 522, 1044, 2088, 1044, 703, 1406, 2812, 2109, 1021, 2042, 4084, 2042, 753, 1506, 3012, 2259, 801, 1602]
values = [735, 1470, 2940, 987, 987, 417, 834, 1668, 834, 530, 1060, 1060, 971, 65, 130, 195, 76, 563, 1126, 1126, 884, 1768, 2652, 729, 1458, 2916, 729, 563, 1126, 1689, 986, 986, 539, 1078, 2156, 1617, 795, 1590, 3180, 788, 1576, 3152, 2364, 132, 264, 528, 264, 372, 744, 591, 1182, 2364, 952, 952, 957, 1914, 1914, 356, 712, 551, 1102, 1653, 611, 1222, 942, 132, 264, 396, 999, 999, 929, 1858, 3716, 39, 197, 502, 502, 361, 722, 361, 131, 262, 524, 795, 1590, 1590, 788, 1576, 2364, 475, 950, 1900, 424, 848, 1272, 963, 1926, 963, 812, 1624, 3248, 2436, 995, 1990, 2985, 942, 1884, 1884, 670, 1340, 2680, 873, 1746, 917, 597, 1194, 2388, 597, 486, 972, 1458, 634, 1268, 2536, 634, 337, 674, 337, 265, 265, 694, 1388, 2082, 887, 1774, 1774, 158, 158, 807, 1614, 3228, 2421, 204, 408, 816, 612, 475, 950, 1900, 1425, 200, 400, 879, 1758, 120, 240, 360, 858, 1716, 3432, 203, 406, 406, 689, 689, 732, 1464, 882, 751, 1502, 3004, 586, 1172, 443, 443, 203, 406, 609, 764, 1528, 3056, 764, 422, 844, 1688, 844, 603, 1206, 2412, 1809, 921, 1842, 3684, 1842, 653, 1306, 2612, 1959, 701, 1402]

USING RANDOM SEARCH ALGORITHM:
The generated VALID solutions are:
[1, 1, 1, 0, 0, 1, 0, 1, 0, 0, 0, 1, 0, 0, 0, 1, 0, 1, 1, 0, 0, 1, 0, 1, 0, 1, 0, 1, 0, 0, 1, 0, 0, 0, 0, 0, 0, 0, 1, 0, 1, 0, 1, 1, 1, 1, 0, 0, 0, 1, 0, 0, 0, 0, 1, 0, 0, 0, 0, 0, 0, 1, 1, 0, 0, 0, 1, 0, 1, 1, 0, 0, 0, 0, 1, 1, 0, 1, 0, 1, 0, 1, 1, 1, 0, 0, 1, 0, 0, 0, 0, 0, 1, 1, 1, 0, 0, 0, 1, 0, 0, 0, 0, 0, 0, 0, 1, 1, 0, 1, 1, 1, 1, 0, 0, 1, 0, 0, 0, 1, 0, 1, 1, 1, 0, 1, 0, 0, 1, 0, 1, 0, 1, 1, 0, 1, 0, 0, 1, 1, 0, 0, 0, 0, 1, 0, 1, 0, 0, 0, 1, 1, 1, 1, 0, 1, 1, 1, 1, 1, 0, 1, 0, 1, 1, 0, 0, 0, 0, 1, 0, 1, 0, 1, 0, 0, 0, 1, 0, 0, 0, 1, 0, 0, 1, 1, 1, 0, 0, 0, 1, 0, 1, 1, 1, 1, 0, 0, 1, 0]
There is a total of 1 valid solutions out of 10 generated.

The best solution found for the 10 solutions generated is: [1, 1, 1, 0, 0, 1, 0, 1, 0, 0, 0, 1, 0, 0, 0, 1, 0, 1, 1, 0, 0, 1, 0, 1, 0, 1, 0, 1, 0, 0, 1, 0, 0, 0, 0, 0, 0, 0, 1, 0, 1, 0, 1, 1, 1, 1, 0, 0, 0, 1, 0, 0, 0, 0, 1, 0, 0, 0, 0, 0, 0, 1, 1, 0, 0, 0, 1, 0, 1, 1, 0, 0, 0, 0, 1, 1, 0, 1, 0, 1, 0, 1, 1, 1, 0, 0, 1, 0, 0, 0, 0, 0, 1, 1, 1, 0, 0, 0, 1, 0, 0, 0, 0, 0, 0, 0, 1, 1, 0, 1, 1, 1, 1, 0, 0, 1, 0, 0, 0, 1, 0, 1, 1, 1, 0, 1, 0, 0, 1, 0, 1, 0, 1, 1, 0, 1, 0, 0, 1, 1, 0, 0, 0, 0, 1, 0, 1, 0, 0, 0, 1, 1, 1, 1, 0, 1, 1, 1, 1, 1, 0, 1, 0, 1, 1, 0, 0, 0, 0, 1, 0, 1, 0, 1, 0, 0, 0, 1, 0, 0, 0, 1, 0, 0, 1, 1, 1, 0, 0, 0, 1, 0, 1, 1, 1, 1, 0, 0, 1, 0] with the quality:92935
The worst solution found for the 10 solutions generated is: [1, 1, 1, 0, 0, 1, 0, 1, 0, 0, 0, 1, 0, 0, 0, 1, 0, 1, 1, 0, 0, 1, 0, 1, 0, 1, 0, 1, 0, 0, 1, 0, 0, 0, 0, 0, 0, 0, 1, 0, 1, 0, 1, 1, 1, 1, 0, 0, 0, 1, 0, 0, 0, 0, 1, 0, 0, 0, 0, 0, 0, 1, 1, 0, 0, 0, 1, 0, 1, 1, 0, 0, 0, 0, 1, 1, 0, 1, 0, 1, 0, 1, 1, 1, 0, 0, 1, 0, 0, 0, 0, 0, 1, 1, 1, 0, 0, 0, 1, 0, 0, 0, 0, 0, 0, 0, 1, 1, 0, 1, 1, 1, 1, 0, 0, 1, 0, 0, 0, 1, 0, 1, 1, 1, 0, 1, 0, 0, 1, 0, 1, 0, 1, 1, 0, 1, 0, 0, 1, 1, 0, 0, 0, 0, 1, 0, 1, 0, 0, 0, 1, 1, 1, 1, 0, 1, 1, 1, 1, 1, 0, 1, 0, 1, 1, 0, 0, 0, 0, 1, 0, 1, 0, 1, 0, 0, 0, 1, 0, 0, 0, 1, 0, 0, 1, 1, 1, 0, 0, 0, 1, 0, 1, 1, 1, 1, 0, 0, 1, 0] with the quality:92935
The average quality for the 10 solutions generated is: 92935.0

This iteration of random search took 0.0007714999956078827 to finish 


USING RHC ALGORITHM:
The random hill climbing algorithm found the solution: [0, 1, 1, 0, 0, 1, 0, 1, 0, 1, 0, 0, 1, 1, 0, 0, 0, 1, 0, 0, 0, 0, 0, 0, 1, 0, 0, 0, 0, 1, 0, 1, 0, 1, 0, 0, 1, 1, 0, 0, 0, 0, 1, 0, 1, 1, 0, 1, 0, 0, 1, 0, 0, 0, 1, 0, 0, 0, 1, 1, 1, 0, 0, 1, 1, 0, 1, 0, 1, 1, 0, 0, 1, 0, 1, 1, 1, 0, 1, 0, 0, 0, 0, 0, 0, 0, 0, 0, 1, 0, 1, 1, 0, 1, 0, 1, 1, 0, 0, 0, 0, 0, 0, 0, 1, 0, 1, 0, 0, 1, 0, 1, 1, 1, 0, 1, 0, 1, 1, 0, 0, 0, 0, 0, 0, 0, 0, 1, 0, 1, 0, 1, 1, 0, 1, 1, 1, 1, 1, 1, 0, 1, 1, 1, 0, 1, 1, 0, 0, 0, 1, 1, 0, 1, 0, 1, 1, 1, 1, 1, 1, 0, 0, 0, 0, 1, 0, 0, 1, 0, 0, 1, 1, 0, 1, 1, 1, 1, 1, 0, 0, 1, 0, 0, 0, 0, 1, 0, 0, 0, 0, 0, 0, 0, 1, 1, 1, 1, 0, 1]
    with the quality: 93899
    and runtime: 0.004092600007425062.
---------------------------------------------------------------------

Iteration 8:
k = 200
max_capacity = 112648
weights = [835, 1670, 3340, 1087, 1087, 517, 1034, 2068, 1034, 630, 1260, 1260, 1071, 165, 330, 495, 176, 663, 1326, 1326, 984, 1968, 2952, 829, 1658, 3316, 829, 663, 1326, 1989, 1086, 1086, 639, 1278, 2556, 1917, 895, 1790, 3580, 888, 1776, 3552, 2664, 232, 464, 928, 464, 472, 944, 691, 1382, 2764, 1052, 1052, 1057, 2114, 2114, 456, 912, 651, 1302, 1953, 711, 1422, 1042, 232, 464, 696, 1099, 1099, 1029, 2058, 4116, 139, 297, 602, 602, 461, 922, 461, 231, 462, 924, 895, 1790, 1790, 888, 1776, 2664, 575, 1150, 2300, 524, 1048, 1572, 1063, 2126, 1063, 912, 1824, 3648, 2736, 1095, 2190, 3285, 1042, 2084, 2084, 770, 1540, 3080, 973, 1946, 1017, 697, 1394, 2788, 697, 586, 1172, 1758, 734, 1468, 2936, 734, 437, 874, 437, 365, 365, 794, 1588, 2382, 987, 1974, 1974, 258, 258, 907, 1814, 3628, 2721, 304, 608, 1216, 912, 575, 1150, 2300, 1725, 300, 600, 979, 1958, 220, 440, 660, 958, 1916, 3832, 303, 606, 606, 789, 789, 832, 1664, 982, 851, 1702, 3404, 686, 1372, 543, 543, 303, 606, 909, 864, 1728, 3456, 864, 522, 1044, 2088, 1044, 703, 1406, 2812, 2109, 1021, 2042, 4084, 2042, 753, 1506, 3012, 2259, 801, 1602]
values = [735, 1470, 2940, 987, 987, 417, 834, 1668, 834, 530, 1060, 1060, 971, 65, 130, 195, 76, 563, 1126, 1126, 884, 1768, 2652, 729, 1458, 2916, 729, 563, 1126, 1689, 986, 986, 539, 1078, 2156, 1617, 795, 1590, 3180, 788, 1576, 3152, 2364, 132, 264, 528, 264, 372, 744, 591, 1182, 2364, 952, 952, 957, 1914, 1914, 356, 712, 551, 1102, 1653, 611, 1222, 942, 132, 264, 396, 999, 999, 929, 1858, 3716, 39, 197, 502, 502, 361, 722, 361, 131, 262, 524, 795, 1590, 1590, 788, 1576, 2364, 475, 950, 1900, 424, 848, 1272, 963, 1926, 963, 812, 1624, 3248, 2436, 995, 1990, 2985, 942, 1884, 1884, 670, 1340, 2680, 873, 1746, 917, 597, 1194, 2388, 597, 486, 972, 1458, 634, 1268, 2536, 634, 337, 674, 337, 265, 265, 694, 1388, 2082, 887, 1774, 1774, 158, 158, 807, 1614, 3228, 2421, 204, 408, 816, 612, 475, 950, 1900, 1425, 200, 400, 879, 1758, 120, 240, 360, 858, 1716, 3432, 203, 406, 406, 689, 689, 732, 1464, 882, 751, 1502, 3004, 586, 1172, 443, 443, 203, 406, 609, 764, 1528, 3056, 764, 422, 844, 1688, 844, 603, 1206, 2412, 1809, 921, 1842, 3684, 1842, 653, 1306, 2612, 1959, 701, 1402]

USING RANDOM SEARCH ALGORITHM:
The generated VALID solutions are:
[1, 1, 0, 1, 1, 0, 0, 0, 0, 0, 1, 0, 1, 0, 0, 1, 1, 1, 1, 0, 1, 0, 0, 1, 0, 0, 1, 1, 1, 1, 0, 0, 0, 0, 1, 1, 0, 1, 1, 0, 0, 0, 1, 0, 0, 1, 1, 1, 1, 1, 0, 1, 1, 0, 1, 1, 1, 1, 1, 0, 0, 1, 1, 1, 1, 1, 1, 0, 1, 0, 1, 1, 1, 0, 1, 1, 0, 1, 1, 1, 0, 1, 0, 1, 0, 0, 0, 0, 0, 0, 0, 0, 0, 1, 0, 0, 1, 1, 1, 0, 1, 0, 0, 0, 0, 1, 1, 0, 1, 0, 0, 1, 0, 0, 0, 0, 0, 1, 0, 0, 0, 1, 1, 0, 0, 1, 1, 1, 0, 0, 1, 0, 0, 0, 0, 0, 0, 0, 0, 0, 0, 0, 1, 0, 0, 1, 0, 1, 0, 0, 1, 0, 0, 1, 0, 1, 0, 0, 1, 0, 1, 0, 1, 1, 1, 1, 0, 0, 0, 1, 0, 0, 0, 0, 0, 0, 0, 0, 1, 1, 0, 1, 0, 0, 0, 1, 0, 0, 1, 0, 0, 1, 0, 0, 0, 1, 0, 1, 1, 1]
There is a total of 1 valid solutions out of 10 generated.

The best solution found for the 10 solutions generated is: [1, 1, 0, 1, 1, 0, 0, 0, 0, 0, 1, 0, 1, 0, 0, 1, 1, 1, 1, 0, 1, 0, 0, 1, 0, 0, 1, 1, 1, 1, 0, 0, 0, 0, 1, 1, 0, 1, 1, 0, 0, 0, 1, 0, 0, 1, 1, 1, 1, 1, 0, 1, 1, 0, 1, 1, 1, 1, 1, 0, 0, 1, 1, 1, 1, 1, 1, 0, 1, 0, 1, 1, 1, 0, 1, 1, 0, 1, 1, 1, 0, 1, 0, 1, 0, 0, 0, 0, 0, 0, 0, 0, 0, 1, 0, 0, 1, 1, 1, 0, 1, 0, 0, 0, 0, 1, 1, 0, 1, 0, 0, 1, 0, 0, 0, 0, 0, 1, 0, 0, 0, 1, 1, 0, 0, 1, 1, 1, 0, 0, 1, 0, 0, 0, 0, 0, 0, 0, 0, 0, 0, 0, 1, 0, 0, 1, 0, 1, 0, 0, 1, 0, 0, 1, 0, 1, 0, 0, 1, 0, 1, 0, 1, 1, 1, 1, 0, 0, 0, 1, 0, 0, 0, 0, 0, 0, 0, 0, 1, 1, 0, 1, 0, 0, 0, 1, 0, 0, 1, 0, 0, 1, 0, 0, 0, 1, 0, 1, 1, 1] with the quality:92121
The worst solution found for the 10 solutions generated is: [1, 1, 0, 1, 1, 0, 0, 0, 0, 0, 1, 0, 1, 0, 0, 1, 1, 1, 1, 0, 1, 0, 0, 1, 0, 0, 1, 1, 1, 1, 0, 0, 0, 0, 1, 1, 0, 1, 1, 0, 0, 0, 1, 0, 0, 1, 1, 1, 1, 1, 0, 1, 1, 0, 1, 1, 1, 1, 1, 0, 0, 1, 1, 1, 1, 1, 1, 0, 1, 0, 1, 1, 1, 0, 1, 1, 0, 1, 1, 1, 0, 1, 0, 1, 0, 0, 0, 0, 0, 0, 0, 0, 0, 1, 0, 0, 1, 1, 1, 0, 1, 0, 0, 0, 0, 1, 1, 0, 1, 0, 0, 1, 0, 0, 0, 0, 0, 1, 0, 0, 0, 1, 1, 0, 0, 1, 1, 1, 0, 0, 1, 0, 0, 0, 0, 0, 0, 0, 0, 0, 0, 0, 1, 0, 0, 1, 0, 1, 0, 0, 1, 0, 0, 1, 0, 1, 0, 0, 1, 0, 1, 0, 1, 1, 1, 1, 0, 0, 0, 1, 0, 0, 0, 0, 0, 0, 0, 0, 1, 1, 0, 1, 0, 0, 0, 1, 0, 0, 1, 0, 0, 1, 0, 0, 0, 1, 0, 1, 1, 1] with the quality:92121
The average quality for the 10 solutions generated is: 92121.0

This iteration of random search took 0.0007617999945068732 to finish 


USING RHC ALGORITHM:
The random hill climbing algorithm found the solution: [1, 1, 0, 0, 0, 0, 1, 0, 1, 1, 1, 0, 1, 1, 1, 0, 0, 0, 0, 0, 1, 1, 0, 1, 0, 0, 0, 1, 0, 0, 0, 0, 1, 0, 1, 1, 0, 0, 1, 0, 0, 1, 1, 0, 1, 1, 0, 1, 0, 1, 1, 1, 0, 0, 0, 1, 0, 0, 1, 0, 0, 0, 1, 0, 1, 1, 0, 0, 1, 0, 0, 0, 0, 0, 1, 0, 1, 1, 1, 0, 1, 0, 0, 1, 1, 0, 1, 1, 0, 0, 0, 0, 0, 1, 1, 1, 1, 1, 0, 0, 0, 0, 0, 1, 0, 1, 0, 0, 1, 1, 0, 0, 0, 0, 0, 0, 1, 0, 0, 0, 0, 0, 1, 0, 1, 0, 0, 0, 0, 0, 0, 1, 1, 1, 0, 1, 1, 0, 0, 1, 1, 1, 1, 1, 1, 1, 1, 1, 0, 0, 1, 0, 1, 0, 1, 0, 0, 0, 0, 0, 0, 0, 0, 0, 0, 0, 1, 0, 0, 0, 1, 0, 0, 0, 0, 0, 0, 0, 1, 1, 1, 1, 1, 0, 0, 0, 0, 0, 1, 1, 0, 0, 0, 1, 0, 0, 1, 0, 1, 1]
    with the quality: 96054
    and runtime: 0.0035912000021198764.
---------------------------------------------------------------------

Iteration 9:
k = 200
max_capacity = 112648
weights = [835, 1670, 3340, 1087, 1087, 517, 1034, 2068, 1034, 630, 1260, 1260, 1071, 165, 330, 495, 176, 663, 1326, 1326, 984, 1968, 2952, 829, 1658, 3316, 829, 663, 1326, 1989, 1086, 1086, 639, 1278, 2556, 1917, 895, 1790, 3580, 888, 1776, 3552, 2664, 232, 464, 928, 464, 472, 944, 691, 1382, 2764, 1052, 1052, 1057, 2114, 2114, 456, 912, 651, 1302, 1953, 711, 1422, 1042, 232, 464, 696, 1099, 1099, 1029, 2058, 4116, 139, 297, 602, 602, 461, 922, 461, 231, 462, 924, 895, 1790, 1790, 888, 1776, 2664, 575, 1150, 2300, 524, 1048, 1572, 1063, 2126, 1063, 912, 1824, 3648, 2736, 1095, 2190, 3285, 1042, 2084, 2084, 770, 1540, 3080, 973, 1946, 1017, 697, 1394, 2788, 697, 586, 1172, 1758, 734, 1468, 2936, 734, 437, 874, 437, 365, 365, 794, 1588, 2382, 987, 1974, 1974, 258, 258, 907, 1814, 3628, 2721, 304, 608, 1216, 912, 575, 1150, 2300, 1725, 300, 600, 979, 1958, 220, 440, 660, 958, 1916, 3832, 303, 606, 606, 789, 789, 832, 1664, 982, 851, 1702, 3404, 686, 1372, 543, 543, 303, 606, 909, 864, 1728, 3456, 864, 522, 1044, 2088, 1044, 703, 1406, 2812, 2109, 1021, 2042, 4084, 2042, 753, 1506, 3012, 2259, 801, 1602]
values = [735, 1470, 2940, 987, 987, 417, 834, 1668, 834, 530, 1060, 1060, 971, 65, 130, 195, 76, 563, 1126, 1126, 884, 1768, 2652, 729, 1458, 2916, 729, 563, 1126, 1689, 986, 986, 539, 1078, 2156, 1617, 795, 1590, 3180, 788, 1576, 3152, 2364, 132, 264, 528, 264, 372, 744, 591, 1182, 2364, 952, 952, 957, 1914, 1914, 356, 712, 551, 1102, 1653, 611, 1222, 942, 132, 264, 396, 999, 999, 929, 1858, 3716, 39, 197, 502, 502, 361, 722, 361, 131, 262, 524, 795, 1590, 1590, 788, 1576, 2364, 475, 950, 1900, 424, 848, 1272, 963, 1926, 963, 812, 1624, 3248, 2436, 995, 1990, 2985, 942, 1884, 1884, 670, 1340, 2680, 873, 1746, 917, 597, 1194, 2388, 597, 486, 972, 1458, 634, 1268, 2536, 634, 337, 674, 337, 265, 265, 694, 1388, 2082, 887, 1774, 1774, 158, 158, 807, 1614, 3228, 2421, 204, 408, 816, 612, 475, 950, 1900, 1425, 200, 400, 879, 1758, 120, 240, 360, 858, 1716, 3432, 203, 406, 406, 689, 689, 732, 1464, 882, 751, 1502, 3004, 586, 1172, 443, 443, 203, 406, 609, 764, 1528, 3056, 764, 422, 844, 1688, 844, 603, 1206, 2412, 1809, 921, 1842, 3684, 1842, 653, 1306, 2612, 1959, 701, 1402]

USING RANDOM SEARCH ALGORITHM:
There were no valid solutions found out of the 10 generated.

This iteration of random search took 0.0007006999949226156 to finish 


USING RHC ALGORITHM:
The random hill climbing algorithm found the solution: [0, 0, 1, 0, 0, 0, 0, 0, 0, 1, 0, 1, 0, 0, 0, 1, 0, 0, 1, 0, 0, 0, 0, 0, 1, 0, 1, 1, 0, 1, 0, 1, 1, 0, 1, 0, 0, 1, 1, 1, 0, 0, 0, 1, 1, 1, 1, 1, 1, 1, 0, 0, 1, 0, 1, 0, 0, 1, 1, 0, 1, 1, 0, 0, 0, 0, 1, 1, 0, 0, 1, 0, 1, 0, 1, 1, 0, 0, 0, 0, 0, 0, 0, 1, 0, 1, 0, 0, 1, 1, 0, 0, 0, 0, 0, 1, 1, 0, 1, 1, 0, 1, 0, 0, 0, 1, 0, 1, 1, 0, 0, 0, 1, 1, 1, 0, 1, 1, 1, 1, 1, 1, 0, 0, 0, 1, 0, 0, 1, 1, 1, 0, 1, 0, 0, 1, 1, 1, 0, 0, 0, 0, 1, 1, 1, 1, 0, 0, 0, 0, 1, 0, 1, 1, 1, 0, 1, 1, 0, 0, 1, 1, 1, 0, 1, 0, 0, 0, 1, 0, 0, 1, 0, 0, 0, 1, 1, 0, 1, 1, 1, 0, 1, 1, 1, 1, 0, 1, 0, 0, 1, 0, 0, 1, 1, 1, 0, 1, 0, 1]
    with the quality: 94469
    and runtime: 0.0063375000027008355.
---------------------------------------------------------------------

Iteration 10:
k = 200
max_capacity = 112648
weights = [835, 1670, 3340, 1087, 1087, 517, 1034, 2068, 1034, 630, 1260, 1260, 1071, 165, 330, 495, 176, 663, 1326, 1326, 984, 1968, 2952, 829, 1658, 3316, 829, 663, 1326, 1989, 1086, 1086, 639, 1278, 2556, 1917, 895, 1790, 3580, 888, 1776, 3552, 2664, 232, 464, 928, 464, 472, 944, 691, 1382, 2764, 1052, 1052, 1057, 2114, 2114, 456, 912, 651, 1302, 1953, 711, 1422, 1042, 232, 464, 696, 1099, 1099, 1029, 2058, 4116, 139, 297, 602, 602, 461, 922, 461, 231, 462, 924, 895, 1790, 1790, 888, 1776, 2664, 575, 1150, 2300, 524, 1048, 1572, 1063, 2126, 1063, 912, 1824, 3648, 2736, 1095, 2190, 3285, 1042, 2084, 2084, 770, 1540, 3080, 973, 1946, 1017, 697, 1394, 2788, 697, 586, 1172, 1758, 734, 1468, 2936, 734, 437, 874, 437, 365, 365, 794, 1588, 2382, 987, 1974, 1974, 258, 258, 907, 1814, 3628, 2721, 304, 608, 1216, 912, 575, 1150, 2300, 1725, 300, 600, 979, 1958, 220, 440, 660, 958, 1916, 3832, 303, 606, 606, 789, 789, 832, 1664, 982, 851, 1702, 3404, 686, 1372, 543, 543, 303, 606, 909, 864, 1728, 3456, 864, 522, 1044, 2088, 1044, 703, 1406, 2812, 2109, 1021, 2042, 4084, 2042, 753, 1506, 3012, 2259, 801, 1602]
values = [735, 1470, 2940, 987, 987, 417, 834, 1668, 834, 530, 1060, 1060, 971, 65, 130, 195, 76, 563, 1126, 1126, 884, 1768, 2652, 729, 1458, 2916, 729, 563, 1126, 1689, 986, 986, 539, 1078, 2156, 1617, 795, 1590, 3180, 788, 1576, 3152, 2364, 132, 264, 528, 264, 372, 744, 591, 1182, 2364, 952, 952, 957, 1914, 1914, 356, 712, 551, 1102, 1653, 611, 1222, 942, 132, 264, 396, 999, 999, 929, 1858, 3716, 39, 197, 502, 502, 361, 722, 361, 131, 262, 524, 795, 1590, 1590, 788, 1576, 2364, 475, 950, 1900, 424, 848, 1272, 963, 1926, 963, 812, 1624, 3248, 2436, 995, 1990, 2985, 942, 1884, 1884, 670, 1340, 2680, 873, 1746, 917, 597, 1194, 2388, 597, 486, 972, 1458, 634, 1268, 2536, 634, 337, 674, 337, 265, 265, 694, 1388, 2082, 887, 1774, 1774, 158, 158, 807, 1614, 3228, 2421, 204, 408, 816, 612, 475, 950, 1900, 1425, 200, 400, 879, 1758, 120, 240, 360, 858, 1716, 3432, 203, 406, 406, 689, 689, 732, 1464, 882, 751, 1502, 3004, 586, 1172, 443, 443, 203, 406, 609, 764, 1528, 3056, 764, 422, 844, 1688, 844, 603, 1206, 2412, 1809, 921, 1842, 3684, 1842, 653, 1306, 2612, 1959, 701, 1402]

USING RANDOM SEARCH ALGORITHM:
There were no valid solutions found out of the 10 generated.

This iteration of random search took 0.0007052000000840053 to finish 


USING RHC ALGORITHM:
The random hill climbing algorithm found the solution: [0, 0, 1, 1, 0, 1, 0, 0, 0, 0, 0, 0, 1, 0, 1, 1, 1, 0, 0, 0, 1, 0, 1, 0, 0, 0, 1, 1, 0, 1, 0, 0, 1, 0, 0, 0, 1, 1, 0, 1, 1, 0, 0, 0, 1, 0, 1, 1, 0, 0, 0, 1, 0, 0, 1, 1, 0, 1, 0, 0, 1, 1, 0, 0, 0, 0, 0, 0, 1, 1, 1, 1, 0, 0, 1, 0, 0, 1, 1, 0, 1, 1, 0, 0, 0, 1, 0, 0, 1, 1, 1, 0, 0, 1, 0, 1, 0, 1, 1, 1, 0, 0, 0, 0, 1, 0, 0, 1, 1, 0, 0, 0, 0, 0, 0, 0, 0, 0, 1, 1, 1, 1, 0, 1, 1, 1, 1, 0, 1, 0, 0, 0, 1, 1, 0, 0, 0, 0, 0, 0, 0, 1, 1, 1, 0, 1, 1, 0, 0, 1, 0, 0, 1, 1, 0, 1, 0, 1, 0, 1, 0, 1, 1, 1, 1, 0, 0, 0, 1, 0, 0, 1, 0, 1, 1, 0, 0, 1, 1, 0, 0, 1, 0, 0, 1, 1, 0, 0, 0, 1, 1, 0, 1, 1, 1, 0, 0, 1, 1, 1]
    with the quality: 95083
    and runtime: 0.002208899997640401.
---------------------------------------------------------------------




Out of 10 iterations of RHC, the best solution found was: ([1, 1, 0, 0, 0, 0, 1, 0, 1, 1, 1, 0, 1, 1, 1, 0, 0, 0, 0, 0, 1, 1, 0, 1, 0, 0, 0, 1, 0, 0, 0, 0, 1, 0, 1, 1, 0, 0, 1, 0, 0, 1, 1, 0, 1, 1, 0, 1, 0, 1, 1, 1, 0, 0, 0, 1, 0, 0, 1, 0, 0, 0, 1, 0, 1, 1, 0, 0, 1, 0, 0, 0, 0, 0, 1, 0, 1, 1, 1, 0, 1, 0, 0, 1, 1, 0, 1, 1, 0, 0, 0, 0, 0, 1, 1, 1, 1, 1, 0, 0, 0, 0, 0, 1, 0, 1, 0, 0, 1, 1, 0, 0, 0, 0, 0, 0, 1, 0, 0, 0, 0, 0, 1, 0, 1, 0, 0, 0, 0, 0, 0, 1, 1, 1, 0, 1, 1, 0, 0, 1, 1, 1, 1, 1, 1, 1, 1, 1, 0, 0, 1, 0, 1, 0, 1, 0, 0, 0, 0, 0, 0, 0, 0, 0, 0, 0, 1, 0, 0, 0, 1, 0, 0, 0, 0, 0, 0, 0, 1, 1, 1, 1, 1, 0, 0, 0, 0, 0, 1, 1, 0, 0, 0, 1, 0, 0, 1, 0, 1, 1], 96054) 

Out of 10 iterations of RHC, the worst solution found was: ([1, 0, 0, 0, 1, 1, 1, 1, 1, 0, 0, 1, 0, 0, 1, 0, 1, 0, 0, 1, 0, 1, 0, 1, 1, 1, 1, 0, 1, 0, 1, 0, 1, 1, 0, 1, 1, 0, 0, 0, 0, 0, 0, 1, 0, 1, 1, 0, 1, 1, 1, 1, 1, 1, 0, 0, 0, 1, 1, 1, 1, 1, 0, 0, 1, 1, 1, 0, 0, 0, 1, 0, 0, 0, 1, 0, 1, 0, 0, 0, 0, 0, 0, 0, 1, 0, 1, 0, 1, 0, 0, 0, 1, 0, 0, 1, 1, 1, 0, 1, 0, 1, 1, 0, 0, 0, 0, 0, 0, 1, 0, 0, 1, 1, 0, 1, 1, 0, 0, 0, 1, 0, 1, 0, 0, 1, 0, 1, 0, 1, 1, 1, 0, 0, 0, 1, 1, 0, 0, 1, 0, 1, 0, 1, 0, 0, 1, 0, 0, 1, 1, 0, 1, 1, 0, 1, 1, 1, 0, 0, 0, 1, 1, 1, 1, 0, 1, 0, 1, 0, 0, 1, 1, 1, 1, 0, 0, 0, 0, 0, 0, 0, 1, 0, 0, 1, 0, 0, 0, 0, 1, 0, 0, 1, 1, 0, 0, 0, 0, 1], 89765) 

Out of 10 iterations of RHC, the average quality was: 93509.9 

