Iteration 1:
k = 10
max_capacity = 1000
weights = [56, 121, 200, 5, 343, 65, 23, 434, 150, 90]
values = [333, 34, 1231, 6, 44, 1222, 543, 522, 999, 10000]

USING RANDOM SEARCH ALGORITHM:
The generated VALID solutions are:
[0, 0, 0, 1, 1, 1, 1, 0, 1, 0]
[0, 0, 0, 0, 1, 1, 0, 0, 0, 1]
[1, 1, 1, 0, 1, 1, 0, 0, 0, 0]
[1, 1, 0, 1, 1, 1, 1, 0, 1, 0]
[1, 0, 1, 0, 0, 1, 1, 1, 0, 0]
[0, 0, 1, 1, 0, 0, 1, 1, 1, 1]
[1, 0, 1, 1, 1, 0, 0, 0, 1, 1]
[0, 1, 1, 1, 0, 0, 0, 0, 0, 1]
[0, 0, 0, 0, 1, 0, 0, 1, 0, 0]
[0, 1, 0, 1, 0, 0, 0, 1, 1, 0]
[0, 0, 0, 1, 1, 0, 0, 0, 1, 0]
[1, 1, 1, 0, 1, 1, 0, 0, 1, 0]
[1, 1, 0, 0, 0, 0, 0, 0, 0, 1]
[0, 1, 0, 1, 0, 0, 0, 0, 0, 0]
[0, 1, 1, 0, 0, 0, 1, 0, 0, 0]
[1, 0, 0, 1, 0, 0, 1, 0, 0, 0]
[1, 0, 1, 1, 0, 0, 0, 1, 1, 0]
[0, 0, 0, 0, 0, 0, 1, 0, 0, 0]
[0, 1, 0, 1, 0, 0, 0, 1, 0, 0]
[1, 1, 1, 0, 0, 0, 1, 0, 1, 0]
[0, 0, 1, 1, 1, 1, 0, 0, 0, 0]
[1, 0, 1, 1, 0, 0, 1, 1, 0, 1]
[0, 0, 1, 0, 0, 0, 1, 1, 1, 0]
[0, 1, 0, 0, 0, 1, 1, 1, 0, 1]
[0, 0, 0, 1, 1, 1, 1, 0, 0, 0]
[0, 0, 0, 1, 0, 1, 0, 0, 1, 1]
[1, 1, 0, 1, 0, 0, 1, 1, 1, 1]
[0, 0, 0, 0, 1, 0, 1, 0, 1, 1]
[1, 0, 1, 0, 0, 1, 1, 0, 0, 1]
[1, 1, 0, 1, 0, 1, 0, 1, 0, 1]
[0, 0, 0, 1, 0, 0, 0, 0, 0, 0]
[0, 0, 0, 1, 1, 0, 1, 0, 1, 0]
[1, 0, 1, 0, 1, 1, 0, 0, 0, 0]
[1, 0, 0, 1, 0, 1, 0, 0, 1, 1]
[0, 1, 1, 0, 0, 1, 1, 0, 0, 1]
[1, 0, 1, 0, 0, 0, 0, 0, 1, 0]
[1, 0, 0, 1, 0, 0, 1, 0, 0, 0]
[0, 0, 0, 1, 1, 1, 0, 0, 1, 0]
[1, 0, 1, 0, 0, 0, 1, 1, 1, 1]
[1, 1, 1, 1, 1, 0, 0, 0, 1, 0]
[0, 1, 1, 1, 1, 0, 0, 0, 0, 1]
[1, 0, 1, 0, 1, 0, 0, 0, 0, 1]
[0, 0, 0, 0, 1, 0, 1, 1, 1, 0]
[0, 0, 1, 1, 1, 0, 0, 0, 1, 1]
[0, 1, 1, 0, 1, 0, 0, 0, 1, 1]
[1, 1, 0, 1, 1, 0, 0, 0, 1, 0]
[1, 0, 1, 1, 1, 0, 1, 0, 1, 1]
[1, 1, 1, 1, 1, 1, 1, 0, 0, 1]
[0, 0, 0, 0, 1, 0, 1, 0, 0, 1]
[0, 0, 1, 1, 0, 1, 0, 1, 1, 0]
[0, 0, 0, 0, 0, 1, 0, 0, 0, 1]
[1, 0, 1, 1, 1, 0, 1, 0, 1, 1]
[0, 1, 1, 0, 1, 1, 0, 0, 1, 0]
[0, 1, 1, 0, 0, 1, 1, 1, 0, 1]
[1, 0, 0, 0, 1, 0, 0, 0, 0, 1]
[0, 1, 1, 1, 0, 1, 0, 1, 1, 0]
[0, 1, 0, 1, 0, 1, 1, 1, 0, 1]
[1, 1, 1, 0, 0, 1, 1, 0, 1, 1]
[0, 1, 1, 1, 0, 0, 0, 0, 0, 1]
[1, 1, 1, 1, 0, 1, 0, 0, 0, 1]
[0, 0, 1, 1, 0, 1, 0, 1, 0, 0]
[1, 1, 0, 0, 0, 1, 0, 0, 0, 1]
[0, 1, 0, 1, 1, 1, 1, 0, 1, 1]
[1, 0, 1, 0, 1, 1, 0, 0, 0, 0]
[0, 1, 1, 0, 0, 1, 1, 1, 1, 0]
[1, 0, 0, 1, 0, 1, 0, 0, 1, 0]
[1, 0, 1, 1, 0, 1, 0, 1, 1, 1]
[0, 1, 0, 0, 1, 0, 0, 1, 0, 1]
[0, 0, 0, 1, 0, 1, 0, 1, 0, 0]
[0, 1, 0, 1, 0, 1, 0, 1, 0, 0]
[1, 0, 0, 1, 1, 0, 0, 0, 1, 0]
[0, 1, 1, 1, 0, 0, 1, 1, 1, 0]
[1, 1, 0, 0, 0, 0, 0, 1, 1, 1]
[1, 1, 1, 0, 0, 1, 1, 0, 0, 0]
[1, 0, 0, 1, 0, 1, 1, 0, 0, 1]
There is a total of 75 valid solutions out of 100 generated.

The best solution found for the 100 solutions generated is: [1, 1, 1, 0, 0, 1, 1, 0, 1, 1] with the quality:14362
The worst solution found for the 100 solutions generated is: [0, 0, 0, 1, 0, 0, 0, 0, 0, 0] with the quality:6
The average quality for the 100 solutions generated is: 7087.906666666667

This iteration of random search took 0.0006719999946653843 to finish 


USING RHC ALGORITHM:
The random hill climbing algorithm found the solution: [0, 1, 1, 0, 1, 0, 1, 0, 0, 1]
    with the quality: 11852
    and runtime: 9.379998664371669e-05.
---------------------------------------------------------------------

Iteration 2:
k = 10
max_capacity = 1000
weights = [56, 121, 200, 5, 343, 65, 23, 434, 150, 90]
values = [333, 34, 1231, 6, 44, 1222, 543, 522, 999, 10000]

USING RANDOM SEARCH ALGORITHM:
The generated VALID solutions are:
[1, 0, 1, 0, 1, 0, 0, 0, 1, 0]
[0, 0, 0, 0, 1, 1, 0, 0, 0, 1]
[0, 1, 0, 0, 1, 0, 1, 0, 1, 1]
[0, 0, 0, 1, 0, 1, 1, 0, 0, 0]
[0, 1, 1, 0, 0, 0, 1, 1, 0, 0]
[1, 1, 1, 0, 1, 1, 1, 0, 0, 1]
[0, 1, 0, 1, 0, 0, 1, 0, 0, 1]
[0, 0, 1, 0, 0, 1, 1, 0, 0, 0]
[0, 1, 1, 1, 0, 1, 1, 0, 0, 0]
[0, 0, 1, 0, 0, 0, 0, 0, 1, 1]
[1, 0, 1, 1, 0, 0, 0, 0, 1, 0]
[0, 1, 1, 0, 0, 1, 0, 1, 1, 0]
[1, 1, 0, 1, 0, 1, 0, 1, 0, 1]
[0, 1, 1, 1, 1, 0, 0, 0, 1, 0]
[1, 1, 0, 1, 1, 1, 1, 0, 1, 1]
[1, 0, 1, 1, 0, 0, 1, 1, 0, 1]
[0, 0, 1, 1, 0, 0, 1, 1, 1, 0]
[0, 1, 0, 1, 1, 0, 0, 0, 0, 0]
[0, 0, 0, 0, 0, 0, 0, 1, 1, 0]
[1, 0, 1, 1, 1, 1, 0, 0, 0, 0]
[1, 1, 0, 0, 0, 0, 1, 1, 0, 0]
[0, 1, 0, 0, 1, 1, 0, 0, 0, 1]
[1, 1, 1, 1, 0, 0, 1, 0, 0, 1]
[1, 1, 1, 0, 0, 0, 1, 0, 0, 0]
[0, 0, 0, 0, 0, 1, 0, 1, 1, 0]
[1, 0, 0, 0, 0, 1, 1, 1, 0, 0]
[0, 0, 1, 0, 0, 0, 0, 1, 1, 1]
[1, 1, 1, 0, 1, 1, 1, 0, 1, 0]
[1, 1, 1, 0, 0, 1, 0, 0, 1, 0]
[1, 1, 1, 0, 0, 1, 1, 0, 1, 0]
[0, 0, 0, 1, 0, 0, 0, 0, 0, 1]
[1, 0, 1, 0, 1, 0, 1, 0, 1, 1]
[0, 1, 1, 1, 0, 1, 0, 1, 0, 0]
[0, 0, 0, 1, 0, 0, 1, 0, 1, 1]
[1, 0, 0, 1, 0, 0, 1, 1, 1, 1]
[0, 1, 1, 0, 0, 1, 1, 1, 0, 1]
[1, 0, 0, 1, 0, 0, 1, 1, 1, 0]
[0, 1, 0, 0, 0, 1, 0, 0, 1, 1]
[1, 1, 0, 0, 0, 0, 1, 1, 1, 0]
[1, 0, 1, 1, 0, 1, 1, 1, 1, 0]
[0, 0, 1, 0, 0, 0, 1, 1, 1, 0]
[0, 0, 0, 1, 0, 1, 0, 1, 0, 0]
[0, 0, 1, 1, 0, 1, 1, 1, 1, 0]
[1, 0, 1, 1, 0, 0, 0, 1, 1, 1]
[0, 1, 0, 0, 0, 0, 1, 1, 1, 0]
[0, 1, 1, 1, 1, 1, 0, 0, 0, 0]
[0, 1, 0, 1, 0, 0, 1, 0, 1, 0]
[0, 0, 1, 0, 0, 0, 1, 1, 0, 0]
[0, 0, 0, 0, 0, 0, 0, 1, 0, 1]
[1, 0, 0, 1, 0, 0, 1, 1, 0, 1]
[0, 1, 1, 1, 0, 1, 0, 0, 0, 1]
[1, 0, 0, 1, 1, 1, 1, 0, 1, 0]
[1, 0, 1, 1, 0, 1, 1, 0, 1, 0]
[1, 1, 1, 1, 0, 1, 0, 0, 1, 1]
[0, 0, 0, 0, 0, 0, 1, 1, 1, 1]
[1, 0, 0, 0, 1, 1, 0, 0, 0, 0]
[0, 1, 1, 1, 0, 0, 0, 1, 0, 1]
[1, 1, 0, 1, 1, 1, 1, 0, 0, 0]
[0, 0, 0, 0, 1, 0, 1, 0, 0, 0]
[0, 1, 1, 0, 0, 1, 0, 0, 1, 0]
[0, 1, 0, 0, 1, 0, 0, 0, 1, 0]
[0, 0, 0, 1, 0, 0, 1, 0, 1, 1]
[0, 1, 0, 0, 1, 0, 1, 0, 1, 1]
[1, 1, 1, 0, 0, 1, 0, 0, 1, 1]
[1, 1, 0, 0, 0, 0, 0, 1, 0, 1]
[1, 0, 0, 0, 0, 1, 1, 1, 0, 0]
[1, 1, 1, 1, 1, 0, 1, 0, 1, 0]
[1, 1, 0, 0, 0, 1, 0, 0, 1, 0]
[1, 1, 1, 1, 0, 0, 1, 1, 0, 0]
[0, 1, 0, 0, 0, 0, 0, 0, 1, 1]
[0, 1, 1, 1, 0, 0, 1, 1, 0, 0]
[0, 0, 0, 0, 1, 0, 0, 1, 1, 0]
[1, 1, 0, 0, 1, 1, 0, 0, 0, 0]
[0, 0, 1, 0, 0, 1, 1, 0, 0, 0]
[1, 0, 1, 1, 0, 0, 0, 0, 1, 1]
There is a total of 75 valid solutions out of 100 generated.

The best solution found for the 100 solutions generated is: [1, 1, 1, 1, 0, 1, 0, 0, 1, 1] with the quality:13825
The worst solution found for the 100 solutions generated is: [0, 1, 0, 1, 1, 0, 0, 0, 0, 0] with the quality:84
The average quality for the 100 solutions generated is: 6406.84

This iteration of random search took 0.0006156000017654151 to finish 


USING RHC ALGORITHM:
The random hill climbing algorithm found the solution: [1, 1, 0, 0, 1, 1, 0, 0, 0, 1]
    with the quality: 11633
    and runtime: 8.789999992586672e-05.
---------------------------------------------------------------------

Iteration 3:
k = 10
max_capacity = 1000
weights = [56, 121, 200, 5, 343, 65, 23, 434, 150, 90]
values = [333, 34, 1231, 6, 44, 1222, 543, 522, 999, 10000]

USING RANDOM SEARCH ALGORITHM:
The generated VALID solutions are:
[0, 1, 0, 1, 0, 0, 0, 1, 0, 0]
[0, 0, 0, 1, 1, 0, 1, 1, 0, 0]
[0, 1, 1, 0, 0, 0, 1, 0, 1, 0]
[0, 0, 1, 1, 0, 0, 1, 1, 1, 1]
[1, 1, 1, 1, 0, 1, 1, 0, 1, 1]
[1, 0, 1, 1, 0, 1, 0, 0, 0, 1]
[1, 1, 1, 0, 1, 1, 0, 0, 0, 0]
[0, 0, 1, 0, 1, 0, 0, 1, 0, 0]
[0, 0, 0, 1, 1, 0, 1, 1, 0, 0]
[0, 0, 1, 1, 0, 1, 0, 1, 0, 0]
[0, 0, 0, 1, 0, 1, 1, 1, 0, 1]
[1, 0, 0, 1, 1, 1, 0, 1, 0, 1]
[0, 1, 0, 1, 0, 1, 1, 1, 0, 0]
[0, 0, 1, 1, 0, 0, 0, 1, 0, 0]
[0, 1, 0, 0, 0, 0, 1, 1, 0, 0]
[0, 0, 1, 1, 0, 0, 1, 1, 0, 1]
[0, 0, 0, 1, 1, 1, 0, 0, 1, 0]
[0, 0, 1, 1, 0, 0, 1, 0, 1, 0]
[0, 0, 0, 0, 0, 1, 0, 1, 0, 1]
[0, 0, 0, 0, 1, 0, 1, 1, 0, 0]
[0, 0, 1, 0, 0, 1, 0, 0, 0, 0]
[0, 1, 1, 1, 0, 0, 1, 0, 1, 0]
[0, 1, 0, 1, 0, 0, 0, 1, 0, 1]
[1, 0, 0, 0, 0, 1, 1, 1, 0, 0]
[1, 0, 1, 0, 0, 1, 0, 1, 0, 0]
[1, 1, 1, 1, 0, 0, 1, 1, 0, 0]
[0, 1, 1, 1, 0, 1, 0, 0, 1, 0]
[1, 1, 0, 0, 1, 1, 1, 0, 1, 0]
[0, 1, 1, 1, 0, 1, 0, 0, 1, 1]
[1, 0, 0, 0, 1, 0, 1, 0, 0, 1]
[0, 0, 1, 0, 0, 1, 1, 0, 1, 0]
[0, 1, 0, 0, 0, 1, 1, 1, 0, 1]
[0, 1, 1, 0, 0, 0, 1, 0, 1, 0]
[0, 0, 1, 0, 0, 0, 0, 1, 1, 0]
[1, 0, 0, 0, 1, 0, 1, 0, 1, 0]
[1, 0, 0, 0, 0, 0, 1, 0, 0, 0]
[1, 1, 0, 1, 1, 1, 1, 0, 1, 0]
[1, 0, 1, 0, 1, 0, 1, 0, 0, 1]
[1, 1, 0, 1, 0, 0, 0, 0, 1, 1]
[0, 0, 0, 0, 0, 1, 1, 1, 1, 0]
[0, 0, 1, 1, 0, 0, 1, 1, 0, 1]
[1, 0, 0, 1, 0, 1, 0, 0, 0, 1]
[0, 1, 1, 0, 1, 0, 0, 0, 1, 1]
[1, 1, 1, 1, 0, 0, 0, 0, 1, 1]
[0, 1, 0, 0, 1, 0, 0, 0, 0, 1]
[1, 0, 1, 0, 0, 0, 1, 1, 1, 0]
[0, 1, 1, 1, 0, 0, 1, 0, 1, 1]
[1, 0, 0, 0, 0, 1, 0, 1, 1, 1]
[1, 0, 0, 1, 0, 0, 0, 1, 0, 0]
[0, 1, 0, 0, 1, 0, 0, 0, 0, 1]
[0, 1, 1, 0, 1, 1, 0, 0, 0, 1]
[0, 0, 0, 1, 0, 0, 0, 0, 1, 0]
[0, 1, 0, 1, 0, 0, 1, 1, 0, 1]
[1, 1, 1, 0, 0, 1, 0, 1, 0, 0]
[1, 0, 0, 1, 0, 0, 0, 0, 1, 0]
[0, 1, 0, 1, 0, 1, 1, 0, 0, 0]
[1, 1, 1, 0, 0, 1, 0, 1, 0, 0]
[0, 0, 0, 0, 1, 1, 0, 0, 0, 0]
[1, 1, 0, 1, 1, 1, 0, 0, 1, 1]
[1, 0, 0, 1, 1, 0, 1, 0, 0, 0]
[1, 1, 0, 0, 0, 1, 1, 1, 0, 1]
[1, 1, 0, 1, 0, 0, 0, 0, 1, 1]
[0, 0, 1, 0, 1, 0, 0, 1, 0, 0]
[0, 1, 1, 0, 0, 1, 0, 1, 1, 0]
[0, 1, 0, 1, 0, 1, 1, 0, 1, 1]
[0, 0, 0, 0, 0, 1, 1, 1, 0, 1]
[0, 0, 1, 1, 0, 0, 0, 0, 0, 0]
[0, 1, 1, 1, 1, 0, 1, 0, 0, 0]
[0, 0, 1, 0, 0, 1, 0, 0, 0, 1]
[0, 1, 0, 0, 1, 1, 1, 0, 1, 1]
[0, 1, 1, 0, 0, 1, 0, 0, 1, 1]
[0, 0, 1, 1, 0, 0, 1, 1, 1, 1]
[1, 0, 1, 1, 1, 0, 1, 0, 1, 0]
[0, 1, 1, 0, 1, 0, 0, 0, 0, 0]
[0, 1, 0, 0, 0, 1, 0, 1, 1, 1]
[1, 1, 0, 1, 1, 1, 1, 0, 1, 0]
[1, 1, 0, 1, 1, 0, 0, 0, 1, 1]
[1, 1, 0, 0, 0, 1, 0, 0, 0, 1]
There is a total of 78 valid solutions out of 100 generated.

The best solution found for the 100 solutions generated is: [1, 1, 1, 1, 0, 1, 1, 0, 1, 1] with the quality:14368
The worst solution found for the 100 solutions generated is: [0, 1, 0, 1, 0, 0, 0, 1, 0, 0] with the quality:562
The average quality for the 100 solutions generated is: 6741.141025641025

This iteration of random search took 0.0006275999912759289 to finish 


USING RHC ALGORITHM:
The random hill climbing algorithm found the solution: [1, 1, 1, 1, 1, 1, 1, 0, 0, 1]
    with the quality: 13413
    and runtime: 8.830000297166407e-05.
---------------------------------------------------------------------

Iteration 4:
k = 10
max_capacity = 1000
weights = [56, 121, 200, 5, 343, 65, 23, 434, 150, 90]
values = [333, 34, 1231, 6, 44, 1222, 543, 522, 999, 10000]

USING RANDOM SEARCH ALGORITHM:
The generated VALID solutions are:
[1, 1, 1, 1, 0, 0, 1, 1, 0, 1]
[1, 1, 0, 1, 1, 0, 0, 0, 1, 1]
[1, 0, 0, 0, 1, 1, 0, 1, 0, 1]
[0, 0, 1, 0, 0, 1, 1, 1, 0, 0]
[0, 0, 1, 1, 0, 0, 0, 0, 1, 0]
[1, 0, 0, 1, 1, 0, 1, 0, 1, 1]
[1, 1, 0, 1, 0, 1, 1, 0, 0, 1]
[0, 0, 0, 0, 0, 1, 0, 1, 0, 1]
[1, 0, 0, 1, 0, 1, 1, 0, 0, 1]
[0, 0, 0, 1, 0, 1, 1, 0, 1, 1]
[0, 0, 1, 1, 0, 0, 1, 1, 1, 1]
[1, 0, 1, 1, 0, 1, 1, 0, 0, 0]
[0, 0, 0, 1, 1, 1, 0, 0, 1, 1]
[0, 1, 0, 0, 0, 0, 1, 0, 1, 1]
[0, 1, 0, 1, 0, 1, 0, 0, 0, 1]
[0, 1, 0, 0, 0, 0, 0, 1, 1, 0]
[1, 0, 0, 0, 0, 0, 0, 1, 0, 0]
[0, 1, 0, 1, 1, 0, 0, 0, 1, 1]
[1, 1, 0, 1, 0, 0, 1, 0, 1, 0]
[1, 0, 1, 0, 0, 1, 1, 0, 1, 1]
[0, 0, 1, 1, 1, 1, 1, 0, 1, 0]
[0, 0, 0, 0, 0, 1, 1, 1, 1, 0]
[0, 1, 1, 1, 0, 0, 0, 1, 1, 1]
[0, 0, 0, 0, 1, 1, 1, 0, 1, 1]
[1, 0, 0, 1, 0, 1, 0, 1, 0, 0]
[0, 0, 0, 0, 1, 0, 1, 1, 0, 0]
[1, 1, 0, 0, 0, 1, 1, 1, 1, 0]
[1, 1, 1, 1, 0, 0, 0, 0, 0, 1]
[1, 1, 1, 0, 0, 0, 0, 0, 1, 0]
[0, 1, 0, 0, 0, 1, 1, 1, 0, 1]
[0, 0, 1, 1, 1, 1, 0, 0, 0, 1]
[1, 1, 1, 1, 1, 1, 1, 0, 0, 0]
[1, 0, 1, 1, 0, 0, 1, 0, 0, 1]
[0, 1, 1, 1, 1, 1, 0, 0, 0, 0]
[0, 0, 1, 0, 1, 0, 1, 0, 1, 0]
[0, 0, 1, 1, 0, 0, 1, 0, 1, 1]
[1, 1, 0, 0, 1, 0, 0, 0, 0, 0]
[1, 0, 0, 1, 0, 1, 1, 1, 1, 0]
[0, 0, 1, 0, 1, 0, 0, 0, 1, 0]
[1, 0, 0, 0, 0, 1, 0, 1, 1, 0]
[1, 0, 1, 1, 1, 1, 1, 0, 1, 1]
[0, 0, 0, 0, 0, 0, 1, 0, 0, 0]
[0, 0, 1, 1, 0, 0, 1, 1, 1, 1]
[1, 1, 1, 0, 0, 0, 0, 1, 1, 0]
[0, 0, 0, 0, 1, 0, 0, 1, 1, 0]
[1, 1, 1, 0, 1, 1, 1, 0, 0, 1]
[1, 0, 0, 1, 0, 1, 1, 1, 0, 0]
[0, 1, 0, 1, 1, 0, 0, 0, 0, 1]
[1, 0, 1, 1, 1, 0, 0, 0, 1, 0]
[0, 0, 0, 0, 0, 0, 0, 0, 1, 1]
[0, 0, 1, 1, 1, 1, 1, 0, 1, 0]
[1, 0, 0, 1, 1, 0, 0, 0, 0, 1]
[0, 0, 0, 0, 0, 0, 0, 1, 1, 0]
[1, 1, 1, 1, 1, 0, 1, 0, 0, 0]
[1, 1, 1, 1, 1, 1, 0, 0, 0, 1]
[0, 1, 1, 1, 1, 1, 1, 0, 1, 1]
[1, 0, 1, 0, 1, 0, 1, 0, 1, 1]
[1, 1, 0, 0, 0, 0, 0, 0, 0, 0]
[1, 0, 0, 1, 1, 0, 0, 0, 0, 1]
[0, 1, 1, 0, 1, 1, 1, 0, 0, 1]
[1, 1, 1, 1, 0, 0, 1, 1, 0, 0]
[0, 1, 1, 1, 0, 0, 1, 1, 1, 0]
[0, 0, 0, 0, 1, 0, 0, 0, 0, 0]
[0, 0, 0, 1, 1, 1, 1, 0, 0, 0]
[0, 0, 1, 1, 1, 1, 0, 0, 1, 0]
[0, 1, 0, 1, 0, 0, 1, 0, 0, 1]
[1, 1, 1, 1, 0, 0, 1, 0, 1, 0]
[1, 0, 0, 1, 1, 0, 0, 1, 1, 0]
[1, 1, 1, 1, 0, 0, 1, 0, 1, 1]
[1, 0, 1, 0, 1, 1, 1, 0, 0, 1]
[1, 0, 1, 1, 0, 1, 0, 0, 1, 0]
[1, 0, 0, 0, 1, 0, 1, 0, 0, 0]
[1, 0, 0, 0, 1, 1, 1, 0, 1, 1]
[1, 0, 0, 1, 0, 0, 0, 1, 1, 0]
[1, 0, 0, 0, 1, 1, 0, 0, 0, 1]
[0, 0, 1, 1, 1, 0, 1, 0, 1, 1]
[0, 0, 1, 1, 1, 0, 0, 0, 0, 1]
[0, 1, 1, 1, 1, 0, 0, 0, 1, 1]
[1, 1, 0, 0, 1, 1, 1, 0, 0, 1]
[0, 0, 1, 1, 1, 0, 0, 0, 1, 0]
[1, 1, 0, 1, 0, 1, 0, 1, 1, 0]
[0, 0, 0, 1, 1, 0, 0, 1, 0, 1]
[1, 1, 1, 0, 1, 1, 1, 0, 0, 1]
[0, 1, 1, 0, 0, 1, 0, 0, 0, 1]
There is a total of 84 valid solutions out of 100 generated.

The best solution found for the 100 solutions generated is: [1, 0, 1, 1, 1, 1, 1, 0, 1, 1] with the quality:14378
The worst solution found for the 100 solutions generated is: [0, 0, 0, 0, 1, 0, 0, 0, 0, 0] with the quality:44
The average quality for the 100 solutions generated is: 7570.833333333333

This iteration of random search took 0.0006418999982997775 to finish 


USING RHC ALGORITHM:
The random hill climbing algorithm found the solution: [1, 1, 1, 1, 1, 1, 1, 0, 0, 1]
    with the quality: 13413
    and runtime: 8.959999831859022e-05.
---------------------------------------------------------------------

Iteration 5:
k = 10
max_capacity = 1000
weights = [56, 121, 200, 5, 343, 65, 23, 434, 150, 90]
values = [333, 34, 1231, 6, 44, 1222, 543, 522, 999, 10000]

USING RANDOM SEARCH ALGORITHM:
The generated VALID solutions are:
[0, 0, 1, 0, 0, 1, 0, 1, 0, 1]
[0, 0, 0, 1, 1, 0, 0, 0, 1, 0]
[0, 1, 0, 1, 0, 1, 0, 1, 0, 1]
[1, 0, 1, 1, 0, 1, 1, 0, 0, 1]
[1, 0, 0, 1, 1, 0, 1, 0, 0, 0]
[0, 0, 1, 0, 0, 0, 1, 0, 0, 1]
[0, 0, 0, 0, 0, 1, 0, 1, 0, 1]
[1, 0, 0, 1, 1, 1, 0, 1, 0, 1]
[0, 1, 1, 1, 1, 1, 1, 0, 0, 0]
[0, 0, 0, 0, 0, 0, 0, 0, 0, 1]
[0, 0, 1, 1, 0, 0, 0, 1, 0, 0]
[0, 1, 0, 0, 1, 0, 1, 0, 0, 1]
[1, 0, 0, 1, 0, 1, 1, 0, 0, 1]
[0, 1, 1, 0, 1, 0, 1, 0, 0, 1]
[1, 0, 1, 0, 1, 0, 0, 0, 0, 0]
[1, 1, 0, 0, 0, 0, 0, 0, 0, 0]
[0, 0, 0, 0, 1, 0, 1, 0, 0, 0]
[0, 1, 0, 0, 1, 1, 1, 1, 0, 0]
[0, 0, 1, 1, 0, 0, 1, 0, 1, 1]
[1, 0, 0, 1, 0, 0, 1, 0, 1, 0]
[1, 1, 1, 0, 1, 0, 0, 0, 1, 0]
[0, 1, 1, 0, 1, 0, 1, 0, 1, 1]
[0, 0, 1, 0, 0, 0, 0, 1, 0, 1]
[1, 0, 0, 1, 0, 0, 1, 1, 1, 0]
[0, 1, 1, 1, 0, 1, 0, 0, 0, 1]
[0, 1, 0, 0, 1, 0, 1, 0, 1, 0]
[0, 0, 0, 0, 0, 1, 0, 1, 0, 1]
[0, 0, 1, 1, 0, 1, 1, 1, 0, 0]
[1, 1, 1, 0, 1, 0, 1, 0, 0, 0]
[1, 1, 0, 1, 1, 1, 0, 0, 0, 1]
[0, 1, 1, 1, 1, 0, 0, 0, 0, 0]
[0, 1, 0, 0, 0, 1, 0, 0, 0, 0]
[0, 1, 0, 0, 0, 0, 1, 0, 0, 0]
[0, 1, 0, 0, 1, 1, 0, 0, 1, 1]
[0, 0, 0, 0, 0, 0, 0, 0, 1, 0]
[1, 1, 1, 1, 1, 0, 1, 0, 1, 1]
[1, 1, 0, 0, 0, 0, 1, 0, 1, 1]
[1, 0, 0, 1, 0, 1, 0, 0, 1, 1]
[1, 0, 0, 1, 0, 0, 0, 0, 1, 1]
[1, 0, 0, 0, 0, 0, 0, 0, 1, 0]
[1, 1, 0, 0, 1, 1, 1, 0, 1, 1]
[0, 1, 1, 0, 0, 0, 1, 0, 0, 0]
[0, 1, 1, 1, 1, 0, 0, 0, 0, 1]
[1, 0, 1, 0, 1, 0, 0, 0, 1, 1]
[1, 1, 1, 1, 0, 1, 1, 0, 0, 1]
[1, 1, 1, 1, 1, 0, 0, 0, 1, 1]
[1, 0, 0, 1, 0, 0, 0, 0, 0, 0]
[0, 1, 0, 1, 0, 0, 1, 1, 0, 0]
[0, 1, 1, 0, 1, 1, 0, 0, 1, 0]
[0, 0, 0, 0, 1, 0, 1, 1, 1, 0]
[0, 0, 1, 1, 0, 0, 0, 1, 1, 0]
[0, 1, 0, 0, 0, 0, 1, 1, 0, 0]
[0, 0, 0, 1, 1, 0, 0, 0, 0, 1]
[0, 0, 1, 1, 1, 0, 0, 1, 0, 0]
[0, 0, 0, 0, 0, 0, 0, 0, 1, 0]
[1, 0, 0, 1, 0, 1, 1, 1, 1, 0]
[1, 1, 0, 0, 0, 1, 1, 1, 0, 0]
[1, 1, 0, 0, 1, 0, 1, 0, 1, 0]
[0, 0, 1, 1, 0, 1, 0, 1, 0, 0]
[0, 1, 1, 1, 1, 1, 1, 0, 1, 0]
[1, 0, 1, 1, 0, 1, 1, 0, 1, 1]
[1, 1, 1, 1, 0, 1, 1, 1, 0, 1]
[0, 0, 1, 0, 0, 0, 1, 0, 1, 0]
[0, 0, 0, 0, 1, 0, 1, 0, 0, 1]
[1, 0, 0, 1, 1, 0, 1, 0, 0, 1]
[0, 1, 1, 0, 0, 0, 1, 0, 1, 0]
[0, 0, 1, 1, 0, 1, 0, 1, 1, 0]
[0, 1, 1, 1, 0, 0, 0, 1, 1, 0]
[1, 0, 0, 1, 0, 0, 0, 0, 1, 1]
[0, 0, 0, 1, 0, 0, 0, 1, 0, 0]
[0, 0, 1, 1, 0, 0, 0, 0, 1, 0]
[1, 1, 0, 1, 0, 1, 1, 1, 1, 0]
[0, 1, 1, 1, 0, 1, 1, 1, 0, 0]
[1, 1, 0, 1, 1, 1, 0, 0, 0, 0]
[0, 1, 0, 0, 1, 1, 0, 0, 1, 1]
There is a total of 75 valid solutions out of 100 generated.

The best solution found for the 100 solutions generated is: [1, 0, 1, 1, 0, 1, 1, 0, 1, 1] with the quality:14334
The worst solution found for the 100 solutions generated is: [1, 0, 0, 1, 0, 0, 0, 0, 0, 0] with the quality:339
The average quality for the 100 solutions generated is: 6475.946666666667

This iteration of random search took 0.0006973999988986179 to finish 


USING RHC ALGORITHM:
The random hill climbing algorithm found the solution: [1, 0, 0, 1, 0, 0, 0, 0, 1, 1]
    with the quality: 11338
    and runtime: 8.900000830180943e-05.
---------------------------------------------------------------------

Iteration 6:
k = 10
max_capacity = 1000
weights = [56, 121, 200, 5, 343, 65, 23, 434, 150, 90]
values = [333, 34, 1231, 6, 44, 1222, 543, 522, 999, 10000]

USING RANDOM SEARCH ALGORITHM:
The generated VALID solutions are:
[1, 1, 0, 1, 0, 1, 1, 1, 0, 1]
[0, 0, 0, 1, 0, 0, 1, 1, 1, 0]
[0, 1, 0, 1, 1, 1, 0, 0, 0, 0]
[1, 1, 0, 1, 0, 0, 1, 0, 0, 1]
[0, 1, 1, 1, 0, 1, 0, 1, 0, 1]
[0, 1, 0, 0, 0, 1, 0, 0, 1, 1]
[1, 1, 1, 1, 0, 0, 0, 0, 0, 0]
[1, 1, 0, 1, 0, 1, 1, 0, 1, 1]
[0, 1, 1, 0, 0, 0, 1, 0, 1, 0]
[0, 1, 1, 0, 1, 0, 1, 0, 0, 1]
[1, 0, 1, 0, 0, 1, 1, 0, 0, 0]
[1, 0, 0, 0, 0, 0, 1, 0, 0, 1]
[1, 1, 0, 0, 0, 1, 0, 1, 0, 0]
[0, 0, 0, 1, 1, 0, 0, 1, 1, 0]
[1, 1, 0, 1, 0, 0, 0, 1, 0, 1]
[0, 0, 1, 0, 0, 1, 1, 1, 1, 0]
[0, 1, 0, 1, 0, 1, 1, 1, 0, 1]
[0, 0, 0, 1, 0, 0, 0, 1, 0, 0]
[1, 0, 1, 1, 0, 1, 0, 0, 0, 1]
[1, 0, 0, 0, 0, 1, 1, 1, 0, 1]
[0, 1, 1, 0, 1, 0, 1, 0, 0, 0]
[1, 1, 0, 1, 0, 0, 1, 0, 0, 1]
[0, 1, 0, 1, 1, 0, 0, 0, 0, 0]
[0, 0, 0, 1, 0, 0, 0, 1, 0, 0]
[0, 1, 0, 0, 0, 1, 0, 1, 0, 0]
[0, 0, 1, 0, 1, 0, 1, 1, 0, 0]
[0, 0, 0, 0, 1, 1, 1, 0, 1, 1]
[0, 1, 0, 0, 0, 1, 0, 1, 1, 1]
[0, 0, 0, 0, 1, 1, 0, 0, 0, 0]
[1, 1, 0, 0, 0, 1, 0, 0, 0, 1]
[1, 1, 0, 1, 1, 0, 1, 0, 0, 1]
[1, 0, 0, 1, 1, 0, 1, 0, 1, 1]
[1, 1, 1, 1, 1, 1, 1, 0, 1, 0]
[0, 1, 1, 1, 0, 0, 1, 1, 0, 0]
[0, 1, 1, 0, 1, 1, 0, 0, 0, 1]
[1, 0, 1, 1, 0, 0, 1, 1, 0, 0]
[1, 0, 1, 0, 0, 1, 0, 1, 0, 0]
[0, 0, 0, 1, 1, 0, 1, 0, 1, 0]
[0, 0, 0, 0, 0, 0, 0, 0, 0, 0]
[1, 0, 1, 1, 0, 1, 0, 0, 1, 1]
[1, 1, 0, 1, 0, 1, 0, 1, 0, 1]
[1, 1, 0, 0, 0, 0, 0, 1, 1, 1]
[0, 1, 0, 0, 0, 1, 0, 0, 1, 0]
[0, 1, 1, 1, 1, 1, 0, 0, 0, 1]
[1, 0, 1, 1, 1, 1, 0, 0, 0, 0]
[1, 0, 0, 1, 0, 1, 1, 0, 1, 0]
[0, 0, 1, 1, 0, 1, 0, 1, 1, 0]
[0, 1, 1, 1, 1, 0, 1, 0, 0, 1]
[0, 1, 1, 1, 1, 0, 0, 0, 1, 0]
[0, 1, 1, 0, 0, 1, 0, 0, 1, 0]
[0, 0, 0, 0, 1, 0, 0, 1, 0, 1]
[1, 1, 0, 0, 0, 0, 1, 1, 1, 0]
[1, 0, 0, 1, 1, 1, 0, 0, 1, 1]
[1, 1, 0, 0, 0, 1, 0, 1, 0, 0]
[1, 1, 1, 0, 1, 0, 1, 0, 1, 0]
[0, 0, 0, 0, 1, 0, 1, 1, 0, 1]
[1, 0, 0, 1, 0, 1, 0, 0, 0, 1]
[1, 0, 0, 1, 0, 1, 0, 1, 0, 1]
[0, 0, 1, 1, 1, 1, 1, 0, 0, 0]
[0, 1, 0, 0, 1, 1, 0, 0, 1, 1]
[0, 0, 1, 1, 1, 0, 1, 0, 0, 1]
[1, 1, 1, 0, 0, 1, 0, 0, 1, 1]
[1, 1, 0, 0, 1, 1, 1, 0, 0, 0]
[0, 0, 0, 0, 0, 1, 1, 1, 1, 0]
[1, 1, 0, 1, 0, 1, 1, 0, 1, 0]
[0, 1, 1, 0, 0, 1, 0, 1, 0, 0]
[0, 1, 1, 0, 1, 1, 1, 0, 0, 1]
[1, 1, 0, 1, 1, 0, 0, 0, 1, 0]
[0, 0, 1, 1, 0, 0, 1, 1, 0, 0]
[0, 0, 1, 0, 1, 1, 0, 0, 1, 0]
[0, 1, 1, 1, 0, 1, 0, 0, 1, 1]
[1, 0, 1, 0, 0, 1, 0, 0, 0, 0]
[1, 0, 0, 1, 0, 1, 1, 1, 0, 0]
[0, 0, 1, 0, 0, 1, 0, 0, 0, 0]
[0, 0, 0, 1, 1, 1, 0, 1, 1, 0]
There is a total of 75 valid solutions out of 100 generated.

The best solution found for the 100 solutions generated is: [1, 1, 1, 0, 0, 1, 0, 0, 1, 1] with the quality:13819
The worst solution found for the 100 solutions generated is: [0, 0, 0, 0, 0, 0, 0, 0, 0, 0] with the quality:0
The average quality for the 100 solutions generated is: 6688.973333333333

This iteration of random search took 0.0006148000102257356 to finish 


USING RHC ALGORITHM:
The random hill climbing algorithm found the solution: [0, 0, 0, 0, 1, 1, 1, 0, 0, 1]
    with the quality: 11809
    and runtime: 8.610000077169389e-05.
---------------------------------------------------------------------

Iteration 7:
k = 10
max_capacity = 1000
weights = [56, 121, 200, 5, 343, 65, 23, 434, 150, 90]
values = [333, 34, 1231, 6, 44, 1222, 543, 522, 999, 10000]

USING RANDOM SEARCH ALGORITHM:
The generated VALID solutions are:
[1, 1, 0, 0, 0, 1, 0, 1, 1, 1]
[0, 1, 1, 0, 1, 0, 0, 0, 0, 0]
[0, 1, 1, 1, 0, 1, 1, 0, 0, 0]
[0, 1, 0, 1, 0, 0, 1, 0, 0, 1]
[1, 1, 1, 1, 0, 0, 0, 1, 0, 0]
[0, 1, 1, 0, 0, 0, 0, 1, 1, 1]
[0, 0, 1, 0, 0, 0, 0, 1, 1, 0]
[0, 1, 1, 0, 0, 1, 0, 1, 0, 1]
[0, 0, 0, 1, 1, 1, 1, 0, 1, 1]
[1, 1, 1, 0, 0, 0, 0, 1, 0, 1]
[1, 1, 1, 0, 1, 1, 0, 0, 0, 0]
[1, 1, 0, 0, 0, 1, 1, 0, 1, 1]
[0, 1, 1, 1, 0, 0, 1, 0, 1, 0]
[1, 1, 0, 0, 0, 0, 0, 1, 1, 0]
[1, 0, 1, 1, 0, 1, 0, 1, 1, 1]
[0, 1, 1, 1, 1, 1, 1, 0, 1, 1]
[1, 0, 1, 1, 1, 0, 0, 0, 0, 1]
[1, 0, 0, 1, 0, 0, 1, 0, 1, 0]
[0, 1, 0, 0, 1, 1, 0, 0, 1, 1]
[0, 1, 1, 1, 1, 0, 0, 0, 0, 1]
[1, 0, 1, 0, 0, 1, 0, 1, 0, 0]
[1, 0, 0, 1, 1, 0, 1, 1, 0, 0]
[0, 1, 1, 1, 0, 1, 0, 1, 0, 1]
[1, 1, 1, 0, 1, 0, 1, 0, 1, 1]
[0, 1, 0, 0, 1, 1, 0, 1, 0, 0]
[0, 1, 0, 0, 1, 0, 1, 0, 1, 0]
[1, 0, 1, 0, 0, 1, 1, 1, 0, 0]
[0, 1, 1, 0, 0, 1, 1, 0, 1, 1]
[1, 1, 0, 0, 0, 0, 1, 0, 1, 1]
[1, 0, 1, 0, 0, 0, 0, 1, 1, 0]
[1, 1, 1, 0, 1, 0, 0, 0, 0, 0]
[0, 0, 0, 1, 0, 0, 1, 0, 0, 1]
[1, 0, 1, 0, 0, 0, 0, 0, 0, 0]
[1, 1, 0, 1, 0, 0, 0, 1, 0, 1]
[0, 1, 1, 0, 0, 0, 0, 0, 1, 0]
[1, 0, 0, 1, 1, 0, 1, 1, 0, 1]
[0, 0, 1, 1, 0, 1, 1, 1, 0, 1]
[0, 1, 1, 0, 0, 0, 0, 0, 1, 0]
[0, 1, 1, 0, 0, 1, 1, 0, 1, 0]
[0, 0, 0, 0, 0, 0, 0, 1, 1, 0]
[0, 1, 0, 1, 0, 0, 1, 1, 1, 0]
[0, 0, 0, 1, 1, 1, 0, 0, 1, 1]
[0, 1, 1, 0, 1, 0, 1, 0, 1, 0]
[1, 1, 1, 0, 0, 1, 0, 1, 0, 0]
[0, 1, 0, 0, 0, 0, 0, 0, 1, 1]
[1, 0, 0, 0, 1, 0, 1, 1, 0, 0]
[1, 1, 0, 0, 0, 1, 0, 1, 1, 1]
[1, 0, 0, 0, 1, 0, 1, 0, 0, 1]
[1, 0, 0, 1, 1, 1, 1, 0, 1, 1]
[1, 0, 0, 1, 1, 1, 0, 0, 1, 1]
[1, 1, 1, 1, 0, 1, 1, 0, 0, 0]
[0, 0, 0, 1, 0, 0, 1, 0, 1, 1]
[0, 1, 0, 1, 0, 1, 1, 0, 1, 1]
[0, 1, 0, 1, 0, 0, 1, 0, 1, 0]
[1, 0, 1, 0, 0, 1, 1, 1, 0, 0]
[1, 0, 0, 0, 0, 1, 1, 1, 1, 0]
[1, 1, 0, 1, 0, 1, 0, 1, 1, 0]
[0, 1, 0, 1, 0, 0, 1, 0, 1, 0]
[1, 0, 0, 1, 0, 1, 1, 1, 1, 0]
[0, 1, 1, 0, 1, 0, 0, 0, 0, 0]
[1, 0, 1, 1, 1, 0, 0, 0, 1, 1]
[1, 1, 0, 1, 0, 1, 1, 1, 1, 0]
[0, 0, 1, 1, 1, 1, 0, 0, 1, 1]
[0, 0, 1, 1, 0, 0, 1, 0, 0, 1]
[1, 0, 0, 0, 1, 0, 0, 1, 0, 0]
[1, 1, 0, 0, 0, 1, 1, 1, 1, 0]
[1, 0, 0, 0, 1, 1, 0, 0, 1, 0]
[0, 0, 0, 1, 1, 0, 1, 0, 0, 1]
[1, 1, 0, 0, 0, 0, 1, 0, 1, 1]
[0, 0, 1, 0, 0, 0, 0, 0, 1, 0]
[0, 0, 0, 0, 0, 1, 0, 0, 1, 1]
[0, 0, 0, 1, 0, 1, 0, 0, 1, 0]
[1, 0, 1, 1, 1, 1, 0, 0, 1, 0]
[1, 0, 1, 1, 1, 1, 0, 0, 1, 0]
[1, 0, 1, 1, 1, 1, 1, 0, 1, 1]
[1, 0, 1, 0, 0, 0, 0, 0, 1, 1]
[1, 1, 1, 1, 0, 1, 0, 0, 1, 0]
[0, 1, 0, 0, 1, 0, 0, 0, 0, 0]
[1, 0, 0, 1, 0, 1, 1, 1, 0, 0]
[0, 1, 1, 1, 0, 1, 1, 0, 1, 0]
[0, 1, 0, 1, 0, 0, 0, 0, 0, 0]
[1, 0, 1, 0, 1, 0, 1, 0, 0, 1]
[0, 0, 1, 0, 0, 1, 1, 0, 0, 1]
[0, 0, 0, 1, 1, 1, 0, 0, 0, 0]
There is a total of 84 valid solutions out of 100 generated.

The best solution found for the 100 solutions generated is: [1, 0, 1, 1, 1, 1, 1, 0, 1, 1] with the quality:14378
The worst solution found for the 100 solutions generated is: [0, 1, 0, 1, 0, 0, 0, 0, 0, 0] with the quality:40
The average quality for the 100 solutions generated is: 6970.952380952381

This iteration of random search took 0.000642999992123805 to finish 


USING RHC ALGORITHM:
The random hill climbing algorithm found the solution: [0, 0, 1, 1, 0, 1, 0, 0, 0, 1]
    with the quality: 12459
    and runtime: 8.680000610183924e-05.
---------------------------------------------------------------------

Iteration 8:
k = 10
max_capacity = 1000
weights = [56, 121, 200, 5, 343, 65, 23, 434, 150, 90]
values = [333, 34, 1231, 6, 44, 1222, 543, 522, 999, 10000]

USING RANDOM SEARCH ALGORITHM:
The generated VALID solutions are:
[0, 1, 0, 1, 0, 0, 1, 1, 1, 1]
[0, 0, 0, 1, 1, 0, 0, 0, 1, 0]
[1, 1, 1, 1, 0, 1, 1, 1, 0, 0]
[0, 1, 1, 1, 0, 0, 1, 0, 0, 0]
[1, 0, 0, 1, 1, 0, 0, 0, 1, 1]
[0, 1, 0, 0, 1, 0, 1, 0, 0, 0]
[1, 0, 0, 1, 0, 0, 0, 1, 1, 1]
[0, 0, 1, 1, 0, 0, 0, 0, 0, 0]
[0, 0, 0, 1, 1, 1, 1, 1, 0, 1]
[1, 0, 0, 1, 1, 0, 1, 0, 0, 0]
[1, 0, 0, 1, 0, 1, 0, 0, 1, 0]
[0, 1, 0, 0, 0, 0, 1, 0, 0, 0]
[0, 0, 0, 0, 0, 1, 0, 1, 1, 1]
[0, 0, 0, 0, 1, 1, 1, 0, 0, 1]
[0, 0, 0, 0, 1, 0, 0, 0, 0, 0]
[0, 0, 1, 1, 1, 1, 0, 0, 0, 0]
[0, 0, 0, 0, 1, 0, 0, 0, 1, 0]
[0, 0, 0, 1, 1, 0, 0, 0, 1, 1]
[1, 0, 1, 0, 0, 1, 1, 1, 0, 1]
[0, 1, 0, 0, 0, 1, 0, 1, 0, 0]
[0, 0, 0, 0, 0, 1, 1, 1, 1, 1]
[1, 1, 1, 0, 0, 0, 1, 0, 0, 1]
[1, 1, 0, 0, 0, 1, 0, 1, 0, 0]
[0, 1, 1, 0, 0, 1, 1, 1, 0, 0]
[1, 1, 0, 1, 1, 0, 0, 0, 0, 0]
[0, 1, 1, 0, 1, 0, 1, 0, 0, 0]
[0, 1, 1, 1, 0, 0, 0, 0, 0, 1]
[0, 0, 1, 1, 0, 0, 0, 1, 1, 1]
[0, 0, 0, 1, 0, 0, 1, 1, 0, 0]
[0, 1, 0, 0, 1, 1, 1, 0, 1, 1]
[1, 0, 1, 1, 0, 0, 0, 0, 1, 0]
[1, 1, 0, 1, 0, 1, 0, 1, 0, 1]
[0, 1, 0, 0, 1, 0, 1, 0, 0, 1]
[1, 1, 1, 1, 0, 1, 1, 0, 1, 0]
[1, 0, 1, 0, 1, 1, 0, 0, 0, 0]
[0, 1, 0, 1, 1, 1, 1, 0, 0, 1]
[1, 1, 0, 1, 0, 0, 0, 0, 0, 0]
[0, 1, 0, 0, 0, 0, 1, 0, 0, 0]
[1, 0, 1, 1, 0, 0, 1, 1, 1, 0]
[1, 1, 1, 1, 1, 0, 0, 0, 1, 1]
[0, 1, 1, 1, 0, 0, 0, 1, 1, 0]
[0, 1, 0, 1, 1, 1, 1, 1, 0, 0]
[0, 0, 1, 0, 1, 1, 1, 0, 1, 1]
[0, 1, 0, 0, 0, 1, 0, 0, 1, 1]
[1, 1, 1, 1, 0, 0, 1, 0, 1, 0]
[0, 0, 1, 1, 0, 1, 0, 0, 0, 0]
[1, 1, 1, 1, 0, 0, 0, 1, 1, 0]
[1, 1, 0, 0, 1, 0, 0, 0, 1, 1]
[1, 1, 1, 0, 0, 1, 1, 0, 0, 0]
[1, 0, 0, 0, 1, 0, 1, 0, 1, 1]
[0, 0, 0, 0, 0, 1, 0, 0, 0, 1]
[0, 0, 0, 1, 0, 0, 1, 0, 1, 0]
[0, 0, 1, 0, 0, 1, 0, 0, 0, 1]
[1, 0, 1, 0, 1, 0, 1, 0, 1, 1]
[0, 1, 0, 0, 0, 0, 1, 0, 1, 0]
[1, 0, 1, 0, 0, 0, 1, 1, 0, 0]
[1, 1, 0, 0, 0, 0, 0, 0, 1, 0]
[0, 0, 0, 0, 1, 0, 1, 0, 0, 0]
[0, 1, 1, 1, 1, 1, 0, 0, 1, 0]
[0, 1, 1, 1, 0, 1, 1, 1, 1, 0]
[0, 1, 1, 0, 0, 0, 0, 1, 0, 0]
[0, 1, 1, 1, 0, 1, 1, 0, 0, 1]
[1, 1, 0, 0, 1, 1, 1, 0, 1, 1]
[1, 1, 0, 0, 0, 1, 1, 0, 1, 1]
[0, 0, 0, 0, 0, 1, 1, 0, 0, 1]
[0, 1, 1, 0, 1, 0, 1, 0, 1, 1]
[0, 1, 0, 1, 1, 0, 1, 1, 0, 0]
[0, 0, 0, 1, 1, 1, 0, 0, 1, 0]
[1, 0, 0, 0, 1, 1, 1, 0, 1, 0]
[1, 1, 1, 1, 1, 1, 0, 0, 0, 1]
[0, 0, 1, 0, 0, 0, 1, 0, 0, 0]
[0, 0, 0, 0, 0, 0, 0, 1, 0, 1]
[0, 1, 0, 1, 0, 0, 0, 0, 0, 1]
[0, 0, 0, 1, 0, 0, 1, 1, 0, 1]
[1, 1, 1, 1, 1, 0, 0, 0, 1, 1]
[1, 0, 0, 0, 0, 0, 0, 0, 0, 0]
[0, 0, 0, 1, 0, 0, 1, 0, 0, 1]
[1, 0, 1, 0, 1, 0, 1, 0, 1, 0]
There is a total of 78 valid solutions out of 100 generated.

The best solution found for the 100 solutions generated is: [0, 0, 1, 0, 1, 1, 1, 0, 1, 1] with the quality:14039
The worst solution found for the 100 solutions generated is: [0, 0, 0, 0, 1, 0, 0, 0, 0, 0] with the quality:44
The average quality for the 100 solutions generated is: 6574.7307692307695

This iteration of random search took 0.0006643000087933615 to finish 


USING RHC ALGORITHM:
The random hill climbing algorithm found the solution: [1, 1, 0, 0, 0, 0, 0, 1, 0, 1]
    with the quality: 10889
    and runtime: 8.669999078847468e-05.
---------------------------------------------------------------------

Iteration 9:
k = 10
max_capacity = 1000
weights = [56, 121, 200, 5, 343, 65, 23, 434, 150, 90]
values = [333, 34, 1231, 6, 44, 1222, 543, 522, 999, 10000]

USING RANDOM SEARCH ALGORITHM:
The generated VALID solutions are:
[0, 0, 1, 1, 0, 0, 0, 1, 0, 0]
[0, 1, 1, 1, 1, 0, 1, 0, 0, 1]
[0, 0, 1, 0, 0, 1, 0, 1, 0, 0]
[1, 0, 1, 1, 0, 0, 1, 1, 0, 1]
[1, 1, 0, 1, 0, 0, 0, 1, 0, 0]
[1, 0, 0, 0, 0, 0, 0, 1, 0, 0]
[1, 0, 1, 1, 0, 0, 0, 0, 1, 1]
[0, 0, 0, 0, 0, 1, 0, 0, 0, 0]
[1, 1, 0, 1, 0, 1, 0, 0, 0, 0]
[1, 0, 0, 1, 0, 1, 1, 0, 0, 1]
[1, 0, 1, 1, 0, 1, 1, 1, 1, 0]
[1, 0, 0, 1, 0, 0, 1, 1, 0, 0]
[1, 0, 1, 0, 1, 1, 0, 0, 0, 1]
[1, 0, 0, 1, 0, 1, 1, 0, 1, 1]
[0, 0, 0, 0, 1, 0, 0, 0, 0, 1]
[1, 1, 1, 0, 0, 1, 0, 0, 1, 1]
[0, 0, 1, 1, 0, 0, 0, 1, 1, 0]
[0, 1, 1, 0, 0, 0, 0, 0, 1, 0]
[0, 1, 1, 1, 0, 1, 0, 1, 0, 0]
[1, 0, 1, 0, 1, 0, 0, 0, 1, 1]
[1, 0, 0, 0, 0, 1, 1, 0, 0, 0]
[0, 1, 1, 0, 0, 0, 0, 1, 1, 1]
[0, 0, 1, 0, 1, 0, 1, 1, 0, 0]
[0, 1, 0, 0, 1, 1, 1, 0, 0, 1]
[0, 1, 1, 0, 0, 0, 0, 0, 1, 0]
[1, 0, 1, 1, 1, 0, 1, 0, 1, 0]
[1, 1, 1, 1, 0, 0, 0, 0, 0, 0]
[1, 1, 1, 1, 1, 0, 1, 0, 1, 1]
[0, 1, 0, 1, 1, 1, 0, 0, 1, 1]
[0, 1, 1, 1, 0, 1, 0, 0, 1, 1]
[1, 1, 1, 0, 0, 1, 1, 0, 0, 1]
[1, 1, 0, 0, 1, 0, 0, 0, 1, 1]
[1, 0, 0, 1, 1, 1, 1, 0, 0, 1]
[0, 0, 0, 1, 1, 1, 0, 1, 0, 1]
[1, 0, 1, 1, 1, 1, 1, 0, 0, 1]
[0, 0, 0, 1, 0, 1, 1, 0, 1, 0]
[0, 1, 0, 1, 1, 0, 0, 0, 0, 1]
[0, 1, 0, 1, 1, 0, 1, 0, 1, 0]
[1, 1, 0, 1, 0, 0, 1, 1, 1, 0]
[0, 0, 0, 1, 0, 0, 0, 0, 0, 0]
[1, 1, 1, 0, 0, 0, 1, 0, 1, 0]
[0, 0, 1, 1, 1, 0, 0, 0, 1, 1]
[0, 1, 1, 1, 0, 0, 0, 1, 1, 1]
[0, 0, 0, 0, 0, 0, 0, 1, 1, 0]
[1, 0, 0, 1, 0, 1, 0, 1, 0, 1]
[0, 1, 1, 1, 0, 0, 0, 0, 1, 0]
[0, 0, 0, 1, 0, 1, 1, 0, 0, 1]
[1, 0, 0, 1, 0, 0, 1, 0, 1, 0]
[0, 0, 0, 1, 1, 0, 0, 0, 1, 1]
[1, 0, 0, 0, 1, 0, 1, 0, 0, 0]
[0, 1, 0, 1, 1, 1, 1, 0, 0, 0]
[1, 1, 0, 1, 1, 1, 1, 0, 0, 0]
[0, 1, 0, 0, 0, 1, 1, 1, 1, 0]
[1, 0, 0, 0, 0, 0, 1, 1, 0, 1]
[1, 1, 1, 1, 0, 1, 0, 0, 1, 1]
[0, 1, 0, 0, 1, 1, 0, 0, 0, 0]
[1, 0, 0, 1, 0, 0, 0, 1, 1, 0]
[0, 1, 1, 1, 1, 1, 0, 0, 1, 0]
[1, 1, 1, 0, 1, 1, 0, 0, 1, 0]
[1, 0, 1, 0, 1, 0, 1, 0, 1, 0]
[1, 0, 0, 0, 0, 0, 0, 1, 0, 1]
[1, 1, 0, 0, 1, 0, 1, 0, 0, 0]
[1, 0, 0, 0, 0, 1, 0, 0, 0, 1]
[0, 0, 0, 0, 0, 0, 0, 1, 0, 0]
[1, 0, 0, 1, 0, 1, 1, 0, 1, 1]
[0, 1, 1, 1, 1, 0, 1, 0, 0, 1]
[0, 1, 0, 0, 0, 1, 1, 0, 0, 0]
[1, 0, 1, 1, 0, 0, 0, 1, 1, 0]
[1, 1, 1, 1, 0, 0, 0, 1, 0, 1]
[1, 0, 0, 1, 0, 1, 0, 1, 1, 0]
[1, 0, 1, 1, 1, 1, 1, 0, 1, 1]
[0, 1, 0, 1, 1, 0, 0, 0, 0, 0]
[1, 0, 0, 1, 0, 0, 0, 1, 1, 0]
[0, 0, 0, 0, 0, 0, 1, 0, 1, 1]
[0, 0, 1, 0, 0, 0, 0, 1, 1, 0]
[1, 1, 1, 1, 1, 1, 1, 0, 0, 1]
[0, 0, 0, 1, 0, 0, 0, 0, 1, 1]
[0, 0, 1, 0, 1, 0, 1, 0, 0, 0]
[1, 0, 1, 1, 0, 1, 0, 0, 1, 0]
[0, 0, 0, 1, 0, 0, 1, 0, 1, 0]
[1, 0, 0, 1, 0, 1, 0, 1, 0, 0]
[0, 1, 0, 0, 0, 0, 0, 1, 0, 0]
[1, 0, 1, 0, 0, 0, 0, 0, 0, 1]
There is a total of 83 valid solutions out of 100 generated.

The best solution found for the 100 solutions generated is: [1, 0, 1, 1, 1, 1, 1, 0, 1, 1] with the quality:14378
The worst solution found for the 100 solutions generated is: [0, 0, 0, 1, 0, 0, 0, 0, 0, 0] with the quality:6
The average quality for the 100 solutions generated is: 6633.626506024097

This iteration of random search took 0.0006348000024445355 to finish 


USING RHC ALGORITHM:
The random hill climbing algorithm found the solution: [1, 0, 1, 0, 0, 1, 1, 0, 1, 1]
    with the quality: 14328
    and runtime: 8.169999637175351e-05.
---------------------------------------------------------------------

Iteration 10:
k = 10
max_capacity = 1000
weights = [56, 121, 200, 5, 343, 65, 23, 434, 150, 90]
values = [333, 34, 1231, 6, 44, 1222, 543, 522, 999, 10000]

USING RANDOM SEARCH ALGORITHM:
The generated VALID solutions are:
[0, 1, 1, 0, 0, 0, 0, 1, 0, 1]
[1, 0, 0, 1, 0, 1, 0, 0, 0, 1]
[1, 0, 1, 1, 0, 1, 1, 0, 1, 0]
[1, 0, 1, 1, 0, 0, 0, 0, 0, 0]
[0, 1, 1, 0, 1, 0, 0, 0, 0, 0]
[1, 1, 1, 0, 0, 0, 1, 1, 1, 0]
[0, 1, 0, 1, 0, 0, 0, 0, 0, 1]
[1, 1, 1, 0, 0, 1, 0, 0, 0, 1]
[1, 0, 0, 1, 0, 0, 0, 1, 1, 0]
[1, 1, 1, 0, 0, 1, 1, 0, 0, 1]
[0, 0, 0, 0, 0, 0, 0, 1, 0, 1]
[0, 0, 0, 0, 0, 1, 1, 1, 1, 1]
[0, 0, 0, 1, 0, 0, 1, 1, 0, 0]
[0, 0, 0, 1, 1, 0, 1, 0, 0, 0]
[1, 0, 1, 1, 1, 0, 0, 0, 0, 0]
[1, 1, 0, 0, 1, 0, 0, 0, 1, 0]
[0, 0, 1, 1, 0, 0, 0, 1, 0, 1]
[1, 0, 1, 0, 1, 0, 0, 0, 1, 1]
[1, 1, 1, 0, 0, 0, 0, 0, 1, 0]
[0, 0, 0, 1, 1, 1, 0, 1, 0, 1]
[1, 1, 0, 0, 1, 0, 1, 1, 0, 0]
[1, 0, 1, 1, 1, 0, 1, 0, 0, 0]
[0, 0, 0, 1, 1, 0, 1, 0, 0, 0]
[0, 0, 1, 1, 0, 0, 0, 1, 0, 1]
[1, 0, 1, 1, 0, 0, 1, 1, 0, 0]
[1, 0, 1, 0, 0, 0, 1, 1, 0, 0]
[1, 1, 1, 0, 0, 0, 0, 1, 0, 1]
[1, 0, 0, 1, 0, 1, 0, 0, 1, 0]
[0, 1, 0, 1, 0, 1, 1, 1, 0, 1]
[0, 1, 1, 0, 1, 1, 1, 0, 0, 0]
[1, 1, 1, 1, 0, 1, 0, 0, 0, 1]
[1, 0, 0, 0, 0, 0, 0, 0, 0, 1]
[0, 1, 0, 0, 0, 0, 1, 0, 0, 0]
[0, 1, 0, 1, 0, 1, 1, 0, 0, 0]
[1, 1, 0, 0, 0, 1, 1, 1, 0, 0]
[1, 0, 0, 0, 1, 0, 1, 0, 1, 1]
[0, 0, 1, 0, 1, 0, 0, 0, 1, 0]
[1, 1, 1, 1, 0, 0, 1, 0, 1, 0]
[0, 0, 0, 1, 0, 1, 1, 0, 0, 0]
[0, 0, 1, 1, 0, 1, 1, 1, 0, 0]
[1, 0, 1, 0, 1, 0, 1, 0, 1, 1]
[0, 0, 1, 0, 0, 1, 0, 0, 1, 0]
[0, 1, 1, 1, 1, 1, 0, 0, 1, 0]
[0, 1, 1, 0, 1, 1, 1, 0, 0, 0]
[1, 1, 0, 1, 0, 0, 1, 0, 0, 0]
[0, 1, 0, 1, 0, 0, 0, 1, 0, 1]
[0, 0, 0, 1, 1, 0, 0, 1, 0, 1]
[0, 1, 0, 1, 0, 0, 1, 1, 0, 0]
[0, 0, 0, 1, 1, 1, 0, 0, 1, 0]
[0, 0, 1, 0, 0, 0, 1, 0, 1, 1]
[1, 1, 1, 1, 0, 1, 1, 0, 0, 1]
[1, 0, 1, 1, 0, 0, 0, 1, 1, 1]
[0, 0, 1, 1, 0, 0, 0, 1, 1, 1]
[1, 0, 1, 1, 0, 0, 1, 1, 1, 0]
[1, 0, 0, 0, 0, 1, 0, 1, 1, 0]
[1, 1, 1, 0, 0, 1, 1, 1, 0, 1]
[0, 1, 1, 1, 0, 1, 0, 1, 0, 0]
[0, 1, 1, 1, 1, 1, 1, 0, 0, 0]
[0, 1, 0, 0, 1, 1, 1, 0, 0, 0]
[0, 1, 1, 1, 0, 1, 0, 0, 1, 0]
[0, 0, 1, 1, 0, 1, 1, 0, 0, 0]
[0, 0, 0, 1, 1, 0, 0, 1, 1, 0]
[0, 1, 1, 0, 0, 0, 1, 0, 0, 0]
[0, 1, 0, 0, 1, 1, 0, 0, 1, 0]
[0, 1, 1, 1, 1, 0, 1, 0, 1, 0]
[1, 0, 0, 1, 0, 1, 0, 1, 0, 1]
[0, 0, 1, 0, 0, 1, 1, 1, 0, 0]
[1, 0, 1, 1, 0, 0, 0, 0, 0, 1]
[0, 0, 0, 0, 1, 1, 1, 1, 0, 1]
[0, 0, 1, 0, 0, 0, 0, 1, 1, 0]
[1, 1, 0, 0, 0, 0, 0, 1, 0, 0]
There is a total of 71 valid solutions out of 100 generated.

The best solution found for the 100 solutions generated is: [1, 1, 1, 0, 0, 1, 1, 1, 0, 1] with the quality:13885
The worst solution found for the 100 solutions generated is: [0, 1, 0, 0, 0, 0, 1, 0, 0, 0] with the quality:577
The average quality for the 100 solutions generated is: 6042.985915492958

This iteration of random search took 0.0006118000019341707 to finish 


USING RHC ALGORITHM:
The random hill climbing algorithm found the solution: [1, 1, 0, 0, 0, 1, 1, 0, 0, 1]
    with the quality: 12132
    and runtime: 8.090000483207405e-05.
---------------------------------------------------------------------




Out of 100 iterations of RHC, the best solution found was: ([1, 0, 1, 0, 0, 1, 1, 0, 1, 1], 14328) 

Out of 100 iterations of RHC, the worst solution found was: ([1, 1, 0, 0, 0, 0, 0, 1, 0, 1], 10889) 

Out of 100 iterations of RHC, the average quality was: 12326.6 

